4.56524
4.96995
4.94328
4.9253
4.58924
5.19165
4.95106
4.42638
3.72234
4.26397
4.61787
4.18419
3.75304
3.90916
4.50036
6.84431
6.99686
4.45209
4.01895
4.24335
3.74371
4.70624
3.78187
7.52475
3.67838
4.46195
4.75273
6.66894
6.76351
3.16151
4.44862
6.33837
3.98847
5.24391
3.85513
4.21207
4.85855
3.7567
4.48414
6.80041
2.76342
6.781
4.21114
4.63149
4.06577
4.87269
5.45516
4.54251
5.93245
5.19303
4.10535
3.90157
4.38319
6.00655
3.91198
4.26883
3.87782
4.32891
4.55047
3.99168
6.11332
3.59466
4.56819
4.38797
4.0068
4.52636
3.32788
4.09159
3.79527
4.88405
5.85853
4.05714
4.81405
4.68911
3.43813
4.09216
3.92038
5.37235
4.09169
3.84772
3.67328
3.98196
3.76421
4.56506
4.14697
4.50952
6.54728
3.94672
4.30261
4.84559
4.74687
4.68092
4.33951
5.64292
4.64023
5.80592
4.21927
3.88534
5.93901
3.54759
4.72555
4.24051
3.90101
3.99554
3.95547
4.91982
6.47828
5.15423
3.99477
5.72702
3.87966
4.44884
3.90675
3.91313
4.03609
4.15818
4.20353
4.50297
7.22472
5.05561
3.45798
3.95076
3.98237
4.96596
5.2714
5.59711
3.98434
3.68161
5.32783
6.51586
3.96047
5.22183
4.03008
4.47744
6.21589
3.93328
5.01796
3.9295
5.20356
4.08869
5.39852
5.27777
4.16028
5.29668
4.15414
5.84158
4.87866
3.44561
4.16249
5.86986
5.78163
3.62484
4.65293
3.38913
4.1863
6.18619
5.00581
4.06988
3.79998
4.96529
4.22686
4.20021
4.53655
3.88546
3.96351
4.36875
4.03076
5.39787
6.3177
4.10947
6.30227
5.07161
4.92315
4.61531
5.5364
3.55877
5.21825
3.90555
5.183
6.00689
3.20843
3.81368
5.65977
3.46573
5.0365
2.57095
4.16087
4.57959
3.75757
4.7496
4.4717
4.60055
3.87931
6.50496
4.1943
5.02824
6.36573
4.735
4.29649
4.65056
5.3964
4.64482
6.76653
4.08479
5.93736
4.05837
2.7927
5.42467
3.8817
4.69121
6.21405
6.062
4.65566
3.83971
4.25143
5.12659
4.18882
4.70857
4.72174
3.84227
3.96607
5.0397
3.92559
5.06311
5.24508
3.93249
6.02476
2.91941
3.70921
4.17961
3.44147
4.0627
5.49367
2.36761
5.3494
5.73821
3.90219
6.3604
3.77998
5.7542
5.07741
3.62565
5.66659
4.09403
4.19199
4.58317
4.0013
2.69004
4.20758
4.00752
5.86826
3.62506
5.10164
3.82814
4.31422
4.09961
4.38187
3.31754
6.42239
4.91925
4.05484
4.81312
6.05661
3.64943
5.93657
5.35723
4.35684
4.04257
3.93945
4.54079
6.21153
5.51184
5.05761
4.34939
4.69936
3.90426
4.74849
4.09373
4.48088
6.29151
4.04545
5.16615
4.16639
3.79122
3.96857
5.83619
4.05195
5.108
5.8975
3.85327
6.97933
5.15711
3.17317
3.89948
3.93361
4.64316
4.60147
5.84347
6.84003
4.22118
3.91033
4.67079
4.21853
4.14691
4.60628
4.56329
4.70407
3.7892
4.80977
4.90558
4.80762
4.0172
3.49618
5.64897
4.46345
4.4674
4.51767
4.40597
4.04187
4.25031
3.80633
3.85236
4.02114
2.85844
4.23348
3.88816
5.54469
7.26099
5.82998
4.76389
4.69321
3.88376
5.27094
4.77298
5.25523
3.90329
4.41612
4.03539
4.12048
3.79504
4.43373
5.74538
6.71586
4.02034
3.56473
5.47278
5.59623
6.037
4.19789
3.91829
5.61343
4.71121
3.15704
4.33782
5.9373
6.076
4.38127
6.28407
4.41096
5.16306
4.37161
3.94082
3.959
4.03686
3.90101
3.85293
5.72203
6.72725
3.67629
4.85251
4.04875
5.94579
4.37334
5.13613
3.82844
4.02199
5.84952
4.96467
5.98473
5.11148
7.97663
3.79416
5.44357
3.38958
3.85844
5.43644
3.79421
4.9449
3.85684
2.77865
6.39159
3.99019
6.72402
4.95387
3.96881
4.1695
4.92393
6.61681
6.52553
4.06844
5.42665
4.34496
5.8327
5.42099
3.96736
5.2515
7.13303
4.33884
3.985
4.58212
5.57538
5.54327
7.20363
3.775
3.94822
5.65843
3.91223
6.19078
7.31205
3.98887
3.97322
3.82187
5.89192
4.22478
5.46289
3.42676
4.00564
5.13882
3.95385
3.72487
5.73551
4.00019
3.99497
3.87815
6.01877
4.11504
3.98368
6.59301
5.12449
4.2144
5.37016
7.56513
5.23308
5.88905
5.86458
3.79008
4.06939
5.95784
4.04586
4.98325
6.40197
3.99188
3.94684
4.33951
4.91955
4.84069
3.02031
5.19923
3.47475
4.84734
4.46778
5.60753
5.08727
3.05512
3.92372
4.07676
4.32579
5.3731
3.98543
4.88599
5.9902
3.97332
5.78819
4.89318
4.3537
6.21813
3.4841
4.01532
3.77526
5.03711
3.87561
4.24195
3.81564
3.84749
5.49634
4.61676
6.41856
4.01793
4.72534
4.04222
3.65979
5.03436
4.27401
4.64665
5.07774
4.05427
3.33752
3.84041
3.92171
5.57544
4.37076
4.28831
3.80121
4.21886
4.80197
4.24823
4.83162
3.85027
3.87513
3.51636
5.64433
4.19849
4.61131
5.59588
4.05142
4.33068
4.01395
4.22664
4.14489
4.57068
3.52157
4.07576
4.00577
4.23924
4.94644
5.36363
5.69732
3.84451
5.46926
3.58416
4.17857
5.02716
4.30789
6.77103
3.96735
3.87175
4.00329
3.9299
5.29562
2.9798
5.4115
4.15138
4.1564
6.67744
4.15172
5.14867
4.11857
5.54906
4.43605
4.88235
2.70455
4.20823
4.01804
3.9079
4.02058
5.07747
4.07075
3.05347
5.25189
3.99553
5.57175
4.69421
4.04684
3.94855
3.83929
3.95838
4.16377
4.26794
3.71953
5.13608
5.52751
4.22135
6.66728
3.65596
5.38365
6.03135
3.83322
4.12802
6.7597
4.01849
3.89386
4.20194
3.71803
6.18057
3.82421
4.59624
4.14267
4.36944
4.64454
6.38833
5.59423
5.20047
5.07292
4.14586
5.33721
6.64769
3.6226
3.6413
4.40307
4.41471
4.25618
3.18297
4.9067
4.99941
4.507
5.60314
4.13043
5.09791
5.01757
6.16576
4.01326
4.17105
3.82105
6.2061
6.85095
5.8758
5.14848
3.89487
6.62631
6.18615
3.73711
4.81196
4.4936
4.10604
3.73328
4.0182
4.15569
3.91023
4.82565
6.12891
4.10996
4.3225
4.12132
3.56161
4.98234
4.60897
3.89867
3.67561
4.47825
5.89357
4.09645
4.85047
4.91421
4.13703
5.08508
4.04829
3.39444
5.12086
3.882
4.60345
3.83209
3.86007
5.75911
3.50354
8.58933
5.18766
4.31467
5.19304
4.12986
5.04441
4.01786
5.44051
4.32174
5.25365
3.56096
4.15967
4.20958
6.0632
5.98181
6.26352
4.09667
4.64636
4.01494
5.68608
7.27953
4.14754
5.08899
4.01403
4.66537
5.97833
3.85949
4.08465
4.14094
4.80335
5.27105
5.39716
3.49075
4.46613
4.04218
4.07229
3.62794
6.0262
6.58596
3.69221
4.70008
3.91151
4.14491
4.49601
3.85774
4.04482
4.46518
3.79943
4.99153
5.44258
4.51724
3.90705
5.10603
7.04331
4.03391
3.66189
4.37091
3.70144
4.26573
6.49895
6.27306
3.99973
5.03868
4.12252
4.20405
5.56214
5.04501
4.34827
5.75438
4.32236
4.96048
6.86519
3.87773
5.48116
3.92432
4.76
3.92463
4.43322
5.30796
4.69582
5.29557
3.96131
3.0002
4.15193
5.50707
8.34229
5.27286
4.41378
5.07972
4.03427
4.08842
3.80904
5.11924
3.66562
6.44178
4.26912
3.52606
4.30537
4.08214
4.07564
2.54952
4.45726
4.77098
5.75726
5.33779
3.14363
5.67631
5.05871
3.96842
4.14509
4.53053
4.09936
4.80731
5.20828
6.38563
3.64308
4.06844
5.54371
4.43529
5.95671
4.20276
4.97135
5.01017
5.2689
6.1162
4.20193
3.93826
3.72628
3.96852
5.54307
4.77956
4.98989
3.05429
4.04687
4.06851
4.46009
5.75533
5.62962
3.61956
5.77708
3.79915
5.97262
4.10884
4.84099
4.24553
3.93923
4.78381
3.88009
5.50092
5.04638
4.18289
5.93855
4.18435
4.06153
3.94154
5.45426
6.42973
3.91028
3.0498
4.34305
4.01197
4.19509
5.4051
4.20417
4.07488
5.83381
5.54955
4.5304
6.15853
3.74251
5.4492
4.20369
4.62534
3.83407
4.13539
4.46879
3.28487
4.63391
5.71989
5.1829
3.99031
4.43643
4.65033
5.14982
4.29451
4.75756
4.08187
6.34642
5.19722
5.00002
5.14769
4.67904
5.66284
4.32196
3.91388
5.36385
6.80279
6.02486
6.55079
4.98469
6.72739
3.81199
3.66196
5.61427
6.58562
7.32522
4.22792
5.58501
6.10242
5.28802
4.1834
6.19336
4.93225
4.89391
5.62605
6.38324
4.21116
4.4738
4.18567
4.93817
3.79786
4.18377
3.6656
4.49292
3.94781
4.35162
6.58952
5.7874
4.36747
4.31864
4.21901
5.39256
6.24841
4.64239
4.56323
4.10058
4.31743
4.16933
4.49871
5.09229
4.05454
6.359
5.88126
4.83245
7.13477
4.62827
3.5029
4.64072
6.32363
5.51868
3.96893
6.16298
4.71613
6.1832
3.92104
4.13054
4.28312
5.34122
4.38469
5.05474
3.99173
4.3554
3.809
4.95367
5.54392
3.86843
6.18597
5.03783
3.92516
4.1543
5.11746
6.08149
4.45382
4.42914
3.70099
3.36516
3.96707
3.87293
5.79264
5.88181
3.45439
5.32654
4.05199
4.74806
3.62589
6.42517
4.19639
3.91801
3.97307
3.86517
6.58283
4.03497
4.52145
5.47209
5.10804
4.23132
4.4634
4.01226
4.32193
4.01315
4.86998
4.24678
4.02204
5.35125
6.02057
3.42906
4.15676
5.01873
6.07988
4.0359
4.97561
5.93186
4.18185
5.03374
4.86532
5.43817
6.22423
3.73412
6.28259
5.34467
3.62438
4.94763
3.91625
6.01447
3.88465
6.46583
5.15067
3.74274
4.12889
3.7397
4.74732
4.04384
5.14757
3.93442
3.46677
6.1033
5.26074
3.99892
4.0448
5.31168
4.17351
3.84683
5.66551
3.74383
4.36711
5.07349
3.88528
6.24975
5.61046
7.07023
2.60309
5.51166
3.74583
6.77889
4.24296
3.92786
5.54712
4.70024
4.79193
6.5286
4.45754
6.21253
5.22015
5.07404
3.82768
4.07207
4.15469
4.51166
6.26682
3.91692
4.73545
4.79792
3.66335
5.80673
3.95086
2.63731
4.88995
3.75398
4.1235
4.9426
4.28729
4.11482
3.79686
5.16751
4.1998
3.76914
4.28333
4.06438
5.29396
4.30344
4.23403
5.7784
5.00855
5.63179
4.53466
4.67668
5.10311
4.93357
6.23561
4.05891
5.7077
3.22703
5.29802
5.49433
3.60426
3.63961
6.17044
4.05621
5.60182
7.2879
5.06493
4.12985
3.93464
2.03266
5.11473
4.35881
3.73296
5.77485
6.09454
5.35679
3.78698
3.61007
3.92418
2.90552
5.69231
5.44664
5.78945
5.45727
3.94587
3.80084
3.81953
4.15338
3.73429
5.79352
3.91142
4.15447
4.04362
3.84876
3.86518
5.63583
4.10718
3.8693
4.38951
5.39148
6.48626
4.25916
5.25441
3.8553
4.07207
4.79544
4.16309
4.12446
5.1963
3.71658
4.02547
3.88265
4.64417
4.89125
4.76648
3.37508
4.06448
4.39848
5.79061
3.99727
3.76888
4.11847
5.86801
4.90128
4.01798
3.85966
4.08616
5.4952
4.00156
5.2097
6.59516
6.13303
3.06593
4.1339
5.13492
5.67599
4.10675
3.82038
4.92711
5.35604
6.40861
4.6432
5.63457
6.60308
4.6232
3.16806
4.16874
5.84866
3.96685
3.20114
5.52802
5.94144
5.50295
2.76086
4.24945
4.15876
4.36689
3.68849
4.6286
4.8523
5.3509
4.41597
3.83976
7.57941
4.40007
3.91075
3.93706
6.80202
5.93079
3.2644
5.54355
4.83766
5.5951
4.05135
5.97542
5.73004
5.75598
6.05931
4.75086
4.61658
3.93202
4.88535
6.07516
3.86476
4.9351
4.00415
4.09366
7.13916
4.43896
3.87776
4.05624
5.15552
4.18918
4.18512
4.27745
6.32941
4.30569
3.2547
6.37846
5.37141
6.12721
3.87901
5.19505
3.6707
5.79251
4.12573
2.98885
5.41224
4.14117
4.17299
4.1204
3.77537
5.9736
4.12466
4.09625
5.97543
5.55882
3.88405
4.41593
5.94377
4.03447
3.82931
3.65763
4.06066
3.81854
3.86803
5.51922
5.4066
6.28199
5.86867
4.32565
2.83012
3.29246
4.98765
5.26629
5.66641
5.44904
4.77929
5.43226
4.09067
3.88173
5.95278
3.79823
3.89173
4.02805
3.48321
4.89371
4.06692
4.76655
6.50418
3.7153
4.5883
4.45646
5.24387
4.99445
4.67486
4.16936
5.43693
5.08076
4.09119
5.45464
3.79203
4.85592
3.98775
5.67641
6.46676
3.85315
3.90277
5.82377
4.39516
2.53426
6.13077
3.64007
5.67956
5.77974
5.20131
3.86624
4.37313
5.47674
3.72807
4.12657
4.25349
3.81422
3.88673
5.59281
3.97768
6.07381
5.24366
4.10455
5.06343
4.62008
4.90019
4.14926
6.07344
4.325
4.03575
4.00623
5.00963
2.24871
4.14155
4.86195
5.22625
4.27
5.57472
3.89405
4.0156
4.01174
3.97208
4.14995
4.14913
3.56642
4.90722
3.8403
4.13738
3.89466
4.43677
5.79457
2.83731
4.14825
5.12117
2.70738
5.42035
4.53826
3.93097
3.63924
4.15779
5.78752
4.92133
5.38521
5.66996
5.42618
3.86114
4.47217
3.53901
3.27853
5.97711
5.60272
3.65554
5.03931
4.25864
5.24792
5.91103
4.90312
5.40507
5.64603
3.74372
6.07215
3.83521
4.89113
3.89207
5.89189
3.58661
3.5306
4.07234
4.80053
3.49965
4.80884
4.81986
3.76804
5.87417
3.61848
5.55908
6.14422
4.23536
3.95115
4.55159
4.10526
5.46391
6.48005
3.50617
5.21135
4.15041
5.88439
5.80124
4.06192
4.07598
5.60007
3.43266
6.24261
3.85774
3.95008
4.69104
4.55003
4.19345
4.73189
3.83429
5.41945
6.80045
4.88771
4.24924
5.69896
5.14294
4.6791
5.38435
4.09442
4.0157
5.71589
4.02841
3.85939
3.70534
4.21639
7.98446
5.41656
5.66538
4.04307
3.37514
5.60503
3.91588
4.4075
4.42331
3.98485
3.47914
5.08795
4.97864
2.70761
4.5347
4.79935
3.79692
3.87
5.26632
3.84843
6.14621
3.87206
5.90707
5.73526
5.23884
3.99762
3.71508
3.21864
3.78139
6.28064
2.80951
4.21726
5.23182
5.97755
5.85231
3.81799
4.04328
4.21667
4.01179
5.78333
5.70505
3.06528
3.95783
3.83048
4.25136
4.03319
6.49419
3.91698
2.34555
4.12473
3.59711
4.0865
4.06107
5.30402
4.41738
5.54994
4.24468
4.05393
4.00274
7.04338
4.62774
4.75481
4.1554
5.10016
4.93705
6.34685
4.09369
4.01985
4.03111
5.45746
4.31513
3.90239
3.65262
4.43761
4.25554
3.59203
4.37146
4.69517
6.87891
3.78532
4.29179
6.34468
5.03451
5.63793
5.73109
6.2719
5.81572
5.57187
5.84848
3.75465
5.86998
4.14217
5.42339
5.50089
6.58956
4.32479
5.96368
4.05741
3.87998
3.83201
4.07848
5.80256
6.03347
4.30057
4.92504
3.79908
3.62379
3.5475
5.86239
4.17366
4.30623
4.95003
5.24437
6.1476
4.064
5.09787
4.55641
6.26453
5.07609
4.0858
4.81084
5.68314
4.38539
4.34919
6.50873
5.82187
5.42363
5.00277
3.91581
5.2027
3.96178
4.54085
4.146
5.27133
6.04984
2.69506
3.88833
5.0218
4.15057
6.81647
4.14747
5.52727
4.79582
5.18856
5.93217
5.37123
7.18696
4.40397
3.71492
4.41502
5.04362
3.72648
3.93931
3.68041
5.99407
3.60303
4.88514
6.31818
4.24689
3.9871
4.2403
5.27826
4.1801
4.17955
5.64608
4.2409
5.44828
3.51791
6.51944
4.01276
5.66376
3.98813
5.45751
3.91047
4.021
4.94586
4.1505
5.19906
5.59596
4.55658
5.52302
4.17508
4.05015
5.25421
4.12338
5.60464
5.66319
4.6326
2.5003
4.33893
5.17457
5.49673
4.58586
5.30252
3.94687
3.94468
6.07676
3.8333
4.43069
3.98926
4.02628
4.79983
6.50276
3.98354
4.04876
5.26769
4.37202
3.778
5.34245
4.89149
3.75974
3.25241
4.06871
4.15243
6.06967
3.93521
4.28431
6.319
5.07545
5.39014
7.05094
3.69
3.99398
4.75512
3.96696
4.06983
6.36759
6.41358
5.16001
7.14008
3.60512
3.8982
3.77051
4.08893
4.93911
5.68639
3.82957
6.27862
2.6034
4.15337
3.82862
4.54905
4.5552
5.62341
4.62934
4.29076
3.90329
4.11321
3.60695
5.63615
6.32629
3.84747
3.65492
3.78582
4.69545
4.22671
3.91975
5.69355
4.2084
4.41246
3.62361
3.6899
2.94557
5.14877
3.98971
4.28918
4.24868
4.82346
4.0598
3.57581
3.96386
3.72853
4.12844
4.08672
4.31525
5.57534
5.58988
5.26966
5.98544
4.29478
5.08687
2.80472
5.94561
5.62195
3.10295
4.13425
4.04204
4.3314
3.98285
5.08811
3.51902
4.56484
5.14228
6.63685
4.25747
4.2991
4.48765
4.71234
5.36091
4.04159
6.69736
5.27808
4.24939
4.12006
5.33164
4.6731
5.76617
4.01873
5.86922
6.1518
4.02697
3.96592
3.61218
6.49256
4.04618
4.10054
5.78414
4.95701
4.94936
3.92859
4.1523
5.90855
3.9753
3.79023
4.12737
4.76719
6.57479
3.80578
4.06801
4.40003
3.70209
6.01387
5.39865
5.04504
5.44761
4.95391
4.29934
5.12677
3.89039
4.38832
4.57586
6.34167
4.15226
5.40926
4.48275
3.65318
4.13441
3.92503
3.32727
5.45133
4.28927
4.16715
4.05336
5.6224
4.79526
3.51361
3.95431
4.09657
3.83769
5.75915
3.98743
5.49574
5.10642
3.78227
2.79292
5.2239
4.05115
3.59861
4.42055
4.24343
5.12579
4.09012
4.20003
4.36712
4.38212
5.09045
3.99311
5.37781
6.31966
5.41447
4.82183
5.99029
4.22071
5.19745
3.92104
3.88406
4.23189
5.0871
6.19077
3.93607
4.09917
6.01015
4.13529
3.84608
4.68579
5.99911
4.828
6.00353
4.45879
4.2028
4.03103
4.17347
5.75454
5.4746
4.12495
3.87436
4.07326
3.86572
4.88644
5.06285
3.95527
5.57822
3.89105
5.31216
3.8336
3.74533
4.27247
3.80619
4.25034
5.73191
5.35462
7.32151
4.50705
4.58323
3.95498
6.72563
4.85607
5.85295
5.06656
5.52117
6.21284
6.01495
4.36819
3.67508
3.35364
4.66558
4.29804
6.77804
5.40521
3.64497
5.38102
5.30969
5.97264
4.2107
6.43619
4.10219
3.0584
5.07605
5.70325
5.45903
5.3622
5.49522
3.86096
3.24863
6.97473
4.45464
3.9387
4.02124
5.58156
4.09751
3.94693
3.64212
4.22756
5.5897
4.22852
4.61249
5.16045
3.98734
4.28655
3.74582
6.12743
6.27649
3.83411
3.8557
4.94678
5.66208
6.25904
3.8104
4.76191
4.04114
5.13463
6.8814
4.35813
4.97384
3.49669
5.74839
4.11823
5.07643
3.93307
4.9974
5.36601
5.59053
4.681
3.19863
3.96685
6.61859
4.14727
5.29868
3.33836
4.43155
4.23212
6.84894
3.04883
4.64654
4.6046
5.06145
3.80267
3.47768
4.26777
4.26447
3.473
4.98261
5.77303
4.39689
7.70351
4.20953
3.3617
6.83606
4.01334
5.7484
4.88408
3.81114
5.34044
5.35788
4.596
4.6797
4.09543
3.87046
4.24581
3.8686
3.23868
5.9084
4.69954
3.87645
3.93812
5.172
4.90993
3.69026
4.39355
3.94429
5.50299
5.81245
3.30046
5.10385
4.74337
3.96184
5.20986
4.90634
4.21424
6.59565
4.13328
4.05331
5.17878
3.94048
4.47766
4.85622
4.26655
6.16522
3.74913
3.77483
3.97541
3.88044
5.13403
5.72092
4.05173
3.55894
3.88865
5.40589
5.26117
3.92494
5.01266
3.76186
3.01507
3.35208
4.25943
3.83168
3.82487
4.22655
4.04187
3.97135
3.68555
3.92075
4.49231
5.48186
3.76068
4.21083
4.36749
7.31122
3.88647
5.94899
4.8186
4.12015
5.45767
5.12474
5.48573
3.74287
3.86202
6.2378
5.89104
5.43217
5.4406
3.91627
4.96867
4.61644
3.79595
4.27545
3.72974
6.04541
4.63916
3.08061
3.69165
5.53009
3.92967
6.51195
4.60736
4.0593
6.49205
6.27353
5.5783
3.83246
3.71935
4.9996
4.04934
4.17294
6.83454
4.55929
4.52353
3.77555
4.17179
5.99329
3.80075
4.30014
4.28926
4.74329
5.33187
4.44807
5.14194
3.9056
4.4909
4.39904
4.12586
4.04484
3.85937
5.20416
4.20568
5.9345
4.65156
5.69843
3.71073
4.0025
4.18003
4.43288
3.79184
4.03327
3.8699
4.77638
3.99587
3.91186
4.02102
4.07008
4.02849
4.19958
3.31212
3.75262
3.92222
5.32555
3.82545
4.04565
4.34695
3.58648
3.94621
4.21674
5.25008
3.03347
4.06025
3.5932
3.92608
4.01008
4.61607
4.85924
4.71139
5.07465
6.82729
4.49504
5.30053
3.85818
5.44878
7.59327
4.13655
5.01711
5.39362
5.01792
4.1849
5.27579
5.71532
4.56495
4.63322
3.59301
5.18171
4.97499
4.02816
4.49007
4.22586
4.14291
3.71513
4.14619
5.79768
5.41556
3.15167
5.85994
5.74062
6.8737
3.69293
4.15435
4.10072
3.15357
6.26418
4.34517
4.2001
6.31826
4.06103
4.56414
3.72843
4.6592
3.99967
4.80302
5.3167
4.86839
3.21577
4.59833
5.13389
4.74752
4.16294
4.96876
4.1486
5.8623
4.93205
4.04732
4.87403
5.61295
4.06232
3.77519
3.74833
3.89323
4.72129
4.07043
4.12355
3.34377
5.58749
5.0949
5.54429
4.87297
5.84706
5.21805
4.29293
3.74145
4.02474
4.18737
6.04314
4.08659
4.45252
3.97958
6.04128
6.03817
4.16913
4.95562
4.39936
6.96418
4.72923
4.56041
3.87957
3.92301
5.28959
4.69881
4.29346
4.30447
4.15142
3.8809
4.21193
4.34993
5.02786
4.13808
4.74373
4.14162
4.01655
4.06082
4.64127
5.49538
4.01019
4.19947
3.5008
4.9454
4.13466
2.75484
5.52021
4.2459
4.95077
5.78325
4.68161
6.83797
5.70538
4.06934
5.42253
3.51336
3.99154
3.79705
6.01686
6.06485
5.36529
4.90783
5.08179
5.00545
4.63763
5.29252
5.17416
4.03679
4.12668
6.17097
5.29685
5.31792
5.38281
3.72927
5.72925
4.05554
3.91539
4.92613
5.01964
3.96207
6.64774
4.84091
3.17047
3.94565
3.90521
5.10672
3.81134
3.50953
3.92199
4.21858
5.58931
4.76527
4.05156
3.88729
2.9959
5.64408
3.95354
3.76648
5.38894
6.13554
3.79503
4.37118
4.72531
5.26283
3.79823
5.54131
4.87524
4.73065
4.48758
3.9601
4.06525
3.95822
6.66797
4.89394
3.86065
4.13025
4.31137
5.29639
3.76631
5.5772
3.89242
4.32603
4.14624
5.19735
3.91457
6.36482
5.06536
3.91328
5.29971
4.08883
3.6786
4.81533
4.51526
4.04788
4.00827
3.99142
6.11395
3.43467
6.25606
4.15568
4.0724
4.08435
5.63523
3.9228
4.62824
3.9454
4.57237
5.82114
3.57305
4.02808
4.41254
4.13699
7.01678
3.59554
4.86624
6.42193
4.61732
4.59355
6.24884
4.20791
3.5214
3.73588
4.34211
6.27019
3.71619
3.98291
5.00132
3.78422
4.71791
4.08258
3.84374
3.98412
4.07407
5.8625
4.58112
5.14791
4.25822
4.47255
7.63107
5.02116
4.65439
4.20889
4.3784
3.88996
3.84399
3.26304
5.90667
5.60455
4.78614
5.17182
3.85269
5.07641
5.04912
6.23521
5.90265
4.10002
5.96371
4.25247
5.47161
5.62655
4.88534
7.69
4.13186
6.53008
4.04061
3.07677
3.07843
3.91965
6.00784
4.60891
4.39028
4.46737
5.5588
5.27476
6.49889
3.78444
4.65179
3.97538
3.95454
5.64127
6.17547
4.15297
5.63523
3.30813
4.24984
4.64584
3.65495
4.51889
4.32661
3.75341
4.16316
6.22307
4.56321
4.23812
4.08202
3.97647
4.77342
5.08677
4.57635
4.03338
5.38166
5.78582
5.12265
4.04752
4.31592
3.29639
4.2394
4.90272
4.05584
4.68117
5.39117
5.00833
5.19038
3.9469
4.74149
4.92665
4.96897
4.09817
5.02016
5.62518
3.87316
3.8908
5.69694
6.51401
4.81299
2.91695
5.27534
4.03283
3.89637
4.34079
5.31491
4.11222
4.30847
4.18539
5.38379
5.15691
4.1642
5.01679
5.14417
4.20629
4.61121
5.2655
5.02975
4.1336
5.93899
4.39772
5.58533
5.02205
4.1016
6.34191
5.70992
4.96833
5.89748
5.03845
4.29358
6.22311
5.52808
4.44122
4.67831
4.81529
4.53504
3.9566
4.41453
5.11682
5.55549
4.11224
4.92924
4.92661
4.96616
3.68196
4.62
4.14214
5.55051
5.91012
4.08085
6.00198
4.24921
4.33602
4.26753
5.24235
5.71398
4.38752
5.89035
4.83355
3.88393
4.02824
4.29292
5.7079
4.71017
3.6115
4.21393
4.97995
4.20952
4.12479
3.9318
3.78674
4.76821
4.99922
4.51677
6.32041
4.06627
5.18413
5.93496
4.54885
3.91084
4.15441
4.09979
3.8428
5.01521
3.96149
4.16041
4.20794
4.30154
5.27159
5.38863
5.92719
5.7526
5.08866
4.31216
3.96782
4.44012
3.986
3.72535
4.11724
5.36641
7.74212
4.38246
4.28412
6.2909
5.29518
3.58515
4.5763
6.17095
4.86339
4.90742
4.25506
6.29622
5.86221
3.72706
2.22843
3.90886
3.97316
4.89575
5.25216
4.2034
6.3891
3.89139
6.06878
3.66638
4.68034
6.38886
4.86151
6.72007
3.85034
5.77634
5.31688
3.81746
4.39052
5.68214
6.15845
4.25232
4.16686
4.07149
4.2863
4.13029
5.11244
5.29005
6.43676
3.75881
4.53272
4.07712
3.9975
4.64892
4.31254
4.35693
4.04951
3.49772
5.95638
2.93283
7.01913
3.83475
4.16896
4.04419
3.89262
3.96045
6.62009
5.05114
4.95561
5.01043
6.58493
4.11172
3.85984
5.13558
3.54055
3.82909
4.77773
3.14024
3.91404
4.11348
3.16891
3.97055
3.80861
7.00165
5.34056
5.3356
4.40766
6.38334
5.14468
4.21401
6.31056
4.41231
4.09405
4.18002
5.37776
5.5942
5.4506
4.27517
4.54921
4.18583
3.83524
3.39298
5.49553
4.69494
5.70697
4.60258
3.87491
4.86385
4.17094
5.92386
3.88767
3.99152
2.88688
4.00252
6.3845
4.89683
3.98278
4.11273
3.7022
4.56917
4.3404
3.91684
3.30241
4.19659
3.42625
4.22719
5.81718
5.24867
3.4092
4.44473
5.46477
4.26048
3.97427
5.72532
4.35088
6.09607
4.20164
4.99713
5.49088
3.93437
5.40016
4.8807
3.7798
5.90281
4.03723
4.32534
5.09822
3.95491
4.0583
6.73331
3.91748
3.77043
3.82346
4.10124
4.87623
6.40526
6.25414
4.21355
4.25312
4.55067
4.04606
4.81424
4.01742
3.91827
4.59149
4.50685
4.18125
6.61968
3.89968
4.95056
4.31628
4.47509
4.63388
4.43883
3.87268
4.14461
3.85799
4.00776
4.69695
3.74525
3.89786
5.05393
4.5776
4.08922
5.53182
5.40358
4.06957
6.33842
5.50539
3.40931
4.22391
5.02275
3.72545
5.87854
2.92772
4.87808
5.44581
3.4203
4.25811
3.60731
5.3703
3.7293
3.69672
4.01532
4.93597
4.19598
7.10394
5.85373
5.69343
5.76583
5.56239
5.0302
4.173
5.81379
7.26187
6.08177
5.35409
3.89463
4.54471
4.90295
4.29829
4.79169
5.20167
5.43082
6.01669
5.69351
4.43924
4.18381
4.0923
4.97456
4.50356
3.40533
4.27339
5.92146
5.38033
4.32287
4.8233
6.02033
5.43832
5.2149
5.95745
6.4147
7.02902
3.39191
4.4809
4.53501
4.18591
3.7371
5.72886
5.62229
5.05399
4.85683
4.00697
6.12419
4.07649
3.78791
3.86018
6.32622
5.02495
4.52279
4.24043
4.40475
4.35335
3.83082
3.73784
3.78308
4.58217
3.96123
4.47515
6.11942
4.58646
4.12595
3.92037
4.85037
3.88702
3.83402
3.85465
4.9996
4.31028
4.88232
4.17569
4.54193
5.40139
5.77279
6.42983
6.31486
4.51003
5.09433
7.53895
3.71653
5.04575
6.07836
6.51995
4.07751
4.81934
6.1892
4.77657
4.56692
5.01861
5.1053
4.33265
2.51663
4.9035
4.17132
3.73114
3.57166
4.92777
5.69842
4.0926
5.4745
5.0921
7.24944
3.74615
5.03666
5.16796
4.01867
4.49029
5.8444
5.06
3.81466
4.69017
6.45138
3.63249
3.99203
3.96492
5.66901
4.68585
4.73419
3.80383
5.15932
3.4781
5.61102
3.39076
3.96521
4.68091
4.36574
3.8699
4.67328
4.04322
3.94843
3.7772
4.74516
5.42621
7.62898
6.40807
3.30216
5.90449
4.3007
4.05343
4.06659
5.49781
4.14235
5.20146
3.90602
4.55569
3.7022
3.79498
4.58821
4.94728
4.61544
5.51045
3.62142
6.42487
5.99277
4.50106
3.97702
3.94776
4.23166
4.53814
5.20369
3.92492
4.489
4.23787
5.29269
5.95663
3.68309
4.54362
6.4871
5.30208
4.38697
3.73377
7.33348
6.19486
5.56621
4.91886
4.23811
4.33094
6.13418
2.40171
4.03612
6.603
5.14894
6.84958
4.70252
3.36603
4.04551
4.06239
3.60402
3.92011
5.88056
4.63947
4.60755
4.20249
3.99901
4.33958
6.03889
5.19166
4.01724
4.98115
4.99688
6.20121
4.19052
3.83122
4.24958
7.33594
4.00796
3.97604
3.31909
6.98262
6.48462
3.60069
6.16604
4.36759
4.58959
5.87314
3.85426
4.2408
4.03035
3.80002
4.92547
3.93358
3.00763
3.54017
4.11946
4.04864
5.18842
3.92543
4.11427
5.33104
4.04026
3.74121
7.14646
3.69198
4.08128
5.47319
4.88431
3.8763
4.11646
3.93682
4.05564
4.36075
5.45867
5.29008
5.6766
3.91602
4.38669
4.06925
5.77194
7.00123
3.71908
3.72034
5.33733
3.97214
3.91868
3.78772
3.1683
4.15413
4.1152
5.83539
3.51222
4.2388
3.65813
5.10394
4.9365
3.97538
5.02656
5.59796
4.21661
5.52258
4.94334
4.66462
4.80386
3.92257
4.13099
3.93548
6.97328
4.21205
4.07511
3.40895
3.80498
4.48659
3.91144
5.94298
4.08693
4.3786
6.12335
4.42601
3.58317
4.17677
7.80754
6.3403
6.60868
4.09077
4.78244
5.19876
6.80797
6.81363
5.32676
5.64006
4.31718
6.08982
5.83397
5.04148
4.344
6.60073
4.7218
5.42399
6.48562
3.98291
3.75426
6.37628
5.88995
5.50941
5.0229
6.24623
4.12459
4.30097
4.39718
4.1161
4.23488
3.86056
6.27362
5.33006
2.42907
5.3014
4.26489
5.26375
6.15354
6.10406
5.0824
4.09869
4.24141
5.36691
3.77524
5.94667
7.57487
5.32107
3.84542
4.1834
4.83261
6.974
4.97383
5.03592
4.16813
4.06374
3.87583
4.04349
4.91944
4.358
4.3409
5.14799
3.82345
5.50948
2.67685
5.31774
6.1541
3.92361
5.97695
4.01994
3.41506
3.59642
3.67935
4.45075
5.45409
4.98581
6.83732
5.4726
6.43317
5.24942
4.51211
5.17585
5.32813
4.71478
3.52798
4.00505
6.14797
4.24042
4.2181
6.85528
6.01532
3.48824
2.5574
3.48275
3.81412
4.23677
6.44966
4.37612
3.85454
4.87303
4.49401
4.53949
3.79542
4.39061
4.8072
4.10788
4.89478
4.09737
5.8135
5.50918
3.72965
3.56139
4.97142
5.32138
5.18238
4.98165
4.03948
6.0408
3.34575
6.46927
6.85497
3.89587
5.36148
5.06069
3.82742
4.26585
4.04353
3.78306
4.29049
5.31068
5.04226
5.34709
3.90224
4.55364
4.58846
4.29752
4.026
3.73262
4.41496
4.27611
4.23715
4.83415
5.23271
6.29074
3.94765
5.62682
3.70757
4.77396
4.61465
2.84231
6.25816
4.13407
3.79501
4.83005
4.8559
6.08309
3.73573
3.70629
3.97824
2.72123
4.0794
7.2871
5.6422
4.16825
3.59094
4.92497
4.1869
5.02733
5.51387
3.97351
4.0943
4.13653
4.0634
2.79621
6.65851
5.60728
3.86398
4.76547
3.9867
4.58565
4.0327
4.07021
4.62693
4.28237
5.37806
5.65369
4.96441
3.76099
3.61465
5.29453
3.28025
4.61337
4.67411
3.96409
3.81332
7.09666
4.36128
4.17551
5.66568
3.64048
4.32521
3.89457
6.2524
4.31648
4.60928
6.80926
3.9577
5.5796
3.98357
6.62172
4.11329
6.58568
5.4502
4.24824
4.95957
3.83164
4.88071
4.01742
4.05079
4.57561
6.00594
4.60551
4.00976
5.11632
4.0565
3.74788
4.1345
4.69027
3.72019
3.91101
4.20357
3.92591
5.68914
4.87633
5.86013
6.31424
3.97328
3.84717
4.22392
4.00565
5.34109
7.09521
5.3571
4.42632
4.23311
5.27815
5.93343
4.11878
3.8482
4.19654
4.54916
4.69735
4.47118
4.47854
2.6741
3.28106
5.86779
4.14648
3.87135
4.87932
3.84197
3.77282
4.0167
5.44892
5.73285
2.91293
3.11177
4.32989
3.84468
4.78499
6.23584
6.25834
3.70386
4.23993
4.8576
4.02029
3.90836
6.90398
3.90435
6.20049
6.13118
5.50106
4.09587
3.46567
5.43401
5.16128
4.28466
6.84946
5.61644
3.9865
6.09028
7.37266
4.22893
5.17525
3.82176
4.20908
5.94714
4.09282
6.34416
3.63123
4.17427
3.91361
5.74449
4.76065
5.67206
5.65699
4.84915
6.28436
5.15813
5.11712
4.51993
3.13988
4.73755
5.18405
3.94576
3.91089
6.2961
3.25222
4.5812
6.25061
4.78449
4.00598
5.50712
3.3935
7.65697
4.02042
5.96027
4.0243
3.69787
3.99428
4.20129
3.78635
5.56706
3.04502
4.10741
3.94214
3.85885
4.88472
3.91637
5.81774
4.21848
5.3617
4.92657
4.29476
4.00245
4.9583
3.16266
4.05263
3.83775
5.01761
5.76998
3.88368
3.69683
6.23473
3.98692
4.89129
4.80826
4.00097
3.73966
2.55966
5.91529
3.61823
3.98457
4.04114
5.93401
4.19898
3.98962
3.30599
5.8765
4.84359
4.34208
4.29198
4.54821
3.4471
3.83916
5.37772
7.50501
4.82871
4.68204
4.39135
3.5211
5.77199
4.99598
4.16738
4.01638
5.24157
4.42945
4.41449
6.47535
4.73016
5.73056
5.07498
3.95685
5.80197
7.5457
4.0238
4.58953
5.06437
4.15895
4.25238
4.83564
5.04037
5.24016
5.13084
4.72494
3.89057
4.64018
5.01033
4.30959
6.12845
3.68838
4.07757
3.29881
4.64262
4.28494
3.80681
5.46563
5.95846
5.79308
5.51298
3.14324
3.49918
4.39789
4.28856
3.6597
3.81177
3.91268
4.39573
3.6946
4.36104
3.96556
3.96751
6.08598
3.98533
7.17478
4.33737
4.04736
4.75952
4.06418
5.68329
5.74319
4.98684
5.49247
4.00951
5.3529
4.52757
1.7344
5.50788
5.27278
3.64964
3.97827
4.79082
4.7848
4.45507
3.93825
3.90815
3.96527
4.29973
4.90853
6.30758
3.46419
5.62154
3.99683
4.34666
6.75726
4.11203
6.31173
3.83499
5.95302
3.72159
3.7398
5.11753
5.78845
5.33252
3.46174
4.30601
6.95562
4.5162
4.59364
3.76077
4.19299
3.09614
6.35245
5.43349
5.16465
6.28368
5.4512
4.47148
6.78545
3.50344
4.49023
6.53654
5.31014
3.58296
4.6121
4.47876
5.20413
7.51161
3.9775
5.11934
5.65527
5.57895
5.44142
5.50575
5.21854
4.92199
3.90207
6.05772
4.51442
6.15017
3.84226
4.11968
5.18142
4.09605
4.11379
4.22851
3.63161
4.97746
4.74792
3.56322
3.66247
6.52289
6.318
7.60068
5.27688
5.90807
7.94313
4.188
3.606
4.71313
6.06714
3.75694
3.79874
5.31864
3.99108
3.24755
4.81266
3.96871
5.1189
5.36786
5.35557
4.04827
5.57632
4.38781
4.20372
5.04328
4.6955
4.62087
6.02092
8.46301
5.35066
5.05949
6.69232
7.17757
4.41024
3.94958
4.45934
3.30489
3.77523
5.60936
4.13284
5.80508
3.8697
4.12353
4.46213
4.50013
4.43569
5.27441
3.91868
6.06746
4.57147
4.14575
4.29624
4.07391
3.94364
3.85241
4.00477
4.08091
4.19675
5.34082
4.88246
3.07301
4.31291
4.2425
5.94089
5.74222
6.94892
3.82028
4.07661
5.64671
4.52866
6.43365
5.18706
5.62948
5.25177
5.48546
5.54657
5.85104
5.61226
6.07036
4.64575
4.06633
4.30297
2.82651
4.02595
7.39018
3.8047
3.96493
4.28021
6.15792
5.40729
4.21217
4.99179
3.46376
4.16661
5.66066
4.64765
5.71211
3.95234
6.76797
4.15246
3.81956
4.46376
5.72649
3.42217
3.9762
3.81311
4.25565
5.01031
6.19702
4.05644
5.56857
3.8027
5.32123
4.79371
4.27339
3.93701
6.2985
5.87562
5.9382
4.97735
5.30713
5.63566
4.01534
3.90375
4.02795
5.55212
3.89506
6.96584
4.31165
6.15392
3.87601
4.02056
3.75606
4.31312
6.22035
3.66735
6.19422
3.91696
4.17064
3.71682
3.99606
5.47398
5.32277
4.86017
4.71611
3.37588
2.95857
4.22468
5.05587
5.54643
6.12139
4.60181
4.04179
3.55933
4.80393
3.91143
3.66455
5.42181
6.05519
4.8379
5.00205
3.47833
4.76247
4.9238
3.76661
4.19015
4.56561
5.68876
5.12419
5.08203
4.36745
5.05682
4.17335
5.46802
3.58425
6.13035
3.56886
5.37631
4.46777
5.91219
2.82221
3.7469
3.60864
5.05451
4.43362
3.84093
3.9944
7.17197
4.10143
3.75683
3.81451
3.93766
5.07871
3.76969
4.11394
2.9257
6.18039
5.91967
3.6095
4.47276
3.96987
3.65738
4.67796
5.35852
5.30224
4.58188
3.85453
3.84647
4.98894
4.67522
4.24158
6.10057
5.52787
3.73127
5.22651
4.97974
3.75742
4.0427
5.85378
5.66794
4.7656
3.59065
3.86665
5.77373
3.8486
2.90182
2.49971
4.80386
5.60492
4.81713
3.95079
4.1656
4.59377
5.67775
4.49441
3.95013
4.07166
3.56014
3.7245
3.2936
6.49428
6.04252
5.88973
4.09093
2.55921
3.75134
5.52228
4.06929
4.43282
4.13982
3.4712
4.05081
4.05547
4.04189
5.50396
5.1558
6.25106
3.97935
4.28033
5.47193
4.48438
4.47047
5.01079
4.39543
5.82387
6.38349
5.33152
6.29718
4.58915
6.60086
4.22464
3.8562
7.08243
4.49038
4.22119
4.91868
4.03442
4.59077
4.00805
6.56576
3.99177
4.26567
6.16589
5.43881
4.14005
4.80338
5.76993
3.98495
4.42519
3.62938
4.06577
4.48275
6.16434
4.19648
7.58356
3.73843
5.34638
6.39818
4.06913
5.44019
2.57362
4.38589
6.48196
4.01435
3.98625
2.95701
1.62339
4.89818
4.13067
4.26976
4.1903
5.90927
5.5964
4.13747
3.71443
3.99676
5.8012
4.67147
3.95913
2.5615
4.02842
3.61893
4.95789
5.00897
3.20579
5.82477
6.15843
4.73432
4.37995
6.24699
4.79905
4.86895
4.74369
5.13162
4.98707
3.91965
3.9065
4.75334
5.93471
3.95684
5.2223
4.19317
4.06795
4.46615
4.21077
4.76769
4.84116
5.48036
3.01041
3.95138
4.06685
4.1415
4.06961
6.32391
3.80963
4.20653
4.6917
4.97901
5.16419
4.30333
3.93507
4.33806
3.8243
6.37544
3.27681
5.79282
3.91267
4.48718
4.14495
4.88838
4.36112
4.54385
4.36488
4.80029
4.79248
5.86878
4.78095
3.91147
4.04785
4.42228
4.26442
5.32324
3.93145
4.08034
6.36145
4.54503
5.03546
5.08291
3.57619
5.18996
5.50087
6.23391
3.84492
4.66097
3.82662
3.96778
4.04002
7.02869
4.57092
2.38471
4.0128
3.94841
4.82216
6.08068
4.68412
3.77718
5.19921
4.01718
6.27846
4.31717
3.95348
6.20475
3.8095
5.52488
4.17448
3.69858
4.76133
3.83984
5.65526
6.00534
3.20801
3.32116
4.8642
5.31354
4.30931
4.53098
4.29209
5.80836
4.47184
4.32581
3.7037
4.91299
7.42234
6.13844
3.82019
5.48041
3.94332
3.7947
3.5676
4.74934
4.74823
3.97683
3.94744
3.99811
4.7212
5.39842
5.71759
5.42503
3.78237
3.53662
3.94444
4.69553
4.07447
6.00281
6.1433
6.29828
5.18906
4.01749
4.13623
4.86763
3.98907
4.18683
2.79237
5.03419
3.92403
6.12897
6.00684
4.28407
5.54371
4.02352
5.71636
5.22998
3.97892
3.7145
6.21148
5.33728
4.4478
4.49105
5.77255
4.01782
6.05971
7.05907
5.72536
4.33192
4.74164
4.42371
7.18859
4.05178
6.38653
4.29589
3.81787
4.18861
4.8248
4.02211
5.22966
5.97345
3.54447
5.70807
4.13862
5.96205
3.90838
6.15557
4.99488
4.18894
3.8908
5.85269
4.52469
3.93769
6.41133
6.40531
4.25492
3.61923
4.25732
4.52708
3.92282
7.29983
4.10354
4.25875
7.31473
5.12952
4.00727
6.27351
3.2888
4.4103
3.97665
5.44468
5.00276
7.41301
4.19113
4.28862
5.42523
4.14398
4.42404
5.53641
4.75539
3.97187
4.3167
3.96402
3.70393
4.57329
5.95319
3.08362
4.63633
4.11702
4.04636
3.86199
4.05106
3.84785
5.82783
4.08155
5.83768
4.26644
4.89831
3.72809
5.81817
4.87657
4.95659
4.24691
5.89793
3.90894
4.50863
4.34316
3.7989
4.99122
4.78843
3.80468
4.37906
3.23176
4.30755
5.99595
5.18664
3.71277
4.85478
5.71597
4.38586
4.15828
5.95906
3.19855
3.9955
5.08538
4.00195
4.75561
3.75965
3.21763
4.40502
3.75023
4.19547
6.00364
4.90593
5.00099
5.35851
4.1353
3.93079
4.25713
5.713
5.36801
3.7901
5.45709
5.61953
4.59527
4.08545
3.9547
4.80157
4.02062
6.10124
3.85078
4.97535
6.12178
3.94687
3.90451
6.75725
5.03971
6.132
4.1996
6.24709
5.02789
4.56183
4.787
4.97047
3.80926
3.91966
5.40982
3.18534
3.47096
5.70909
3.74033
5.65489
5.92813
3.90034
4.4332
5.89576
4.10422
6.32029
6.14663
5.76527
5.39611
4.62824
5.50887
4.28978
4.83255
5.85405
4.2434
4.74822
3.94346
4.39408
3.90512
3.84442
3.94631
4.05343
4.36612
6.09085
4.14453
4.10079
3.95502
3.54534
6.27109
6.04392
3.64998
3.70586
5.62421
4.83275
4.49139
5.71369
5.50175
5.08326
5.70652
4.14875
4.10821
4.19643
3.92538
6.6148
5.52095
4.11016
4.05439
4.1407
5.51338
5.06389
3.82374
4.85932
3.65602
4.49101
4.97053
4.4155
3.82034
4.49438
5.21737
5.46114
3.91555
4.11596
4.89169
4.22247
4.61799
4.18721
4.87394
3.77092
2.99855
4.2776
4.15582
4.75514
4.55642
3.94077
3.99252
5.43982
4.84724
5.26645
4.82812
3.37639
5.54478
3.51149
5.03843
4.13035
6.69763
3.95012
4.77564
4.28045
3.41121
4.47217
5.95445
4.41501
6.2268
4.52237
4.43941
4.6969
6.01402
3.45478
2.89267
4.58964
4.07079
4.32845
4.01746
3.91665
3.64633
4.03745
6.59608
3.75924
3.90607
7.20792
3.51983
4.74552
3.91512
4.49643
4.25303
5.17728
4.36361
5.19265
4.46861
3.81332
5.50338
2.91443
3.81592
3.87147
4.0356
4.6101
4.26153
4.50089
3.91361
7.76685
3.42201
3.29972
5.65496
4.22727
3.7075
4.5675
3.73433
4.19228
3.71327
5.49561
4.17328
4.32879
4.67588
4.95646
4.47696
3.98055
5.40895
4.01775
3.98196
4.183
2.77974
3.9869
5.72193
4.08068
4.16793
7.4221
3.61867
4.7258
4.61188
5.4247
4.20581
3.75777
6.0581
6.15219
6.85909
3.15002
6.00889
4.99101
5.0597
5.21302
4.83285
4.48767
6.3846
5.71773
4.94562
5.0405
3.7006
4.61248
6.54456
4.2048
5.48583
3.47969
4.97724
3.64888
7.45291
5.28224
3.92151
3.14644
5.88798
4.05884
4.31857
6.07453
3.94734
3.97764
5.62054
3.89924
4.21034
3.98728
4.36801
4.81964
4.00655
5.31462
3.8693
4.06083
3.90082
5.42363
4.26592
6.06534
3.917
6.0717
5.4279
4.09504
3.76964
5.52392
4.7273
5.57294
3.80249
3.01044
4.66949
6.02067
5.70247
3.69189
3.88525
4.8871
4.35339
3.87334
5.58332
4.32506
3.75691
4.87826
4.887
5.15656
4.11763
4.44875
6.40751
4.16426
5.70639
4.04635
6.99973
4.22844
4.40912
5.26366
4.11322
4.32697
4.43973
4.00266
4.09044
5.84751
4.09453
4.21414
5.53164
4.08782
6.58015
5.35623
4.69736
3.99166
4.1044
4.96556
6.46423
4.80683
4.13455
6.02569
5.92248
4.10333
4.35254
3.90185
4.22764
4.26941
2.18655
5.00772
3.97907
5.02442
4.62982
4.66236
4.13668
4.92686
5.80001
4.03498
5.2988
3.8236
5.31872
3.86337
2.65925
6.46264
2.2354
3.84489
4.62782
4.14998
4.89285
5.78643
3.48591
3.78589
4.3093
6.29171
5.00676
5.09935
4.63323
4.36461
4.35532
3.97136
6.63754
5.63495
5.64286
5.29258
5.19244
3.91948
3.97576
4.37051
5.74853
5.24001
4.52833
6.28016
4.06747
3.96386
3.98207
6.89653
4.88636
4.05422
5.87723
4.49213
6.57146
5.54658
4.2371
7.08394
5.35682
5.0064
3.79696
6.06966
5.46672
3.78202
4.23062
5.0172
4.55794
4.596
5.50509
3.74302
5.13144
3.88937
5.84526
4.47586
4.0875
3.8189
4.34794
4.13161
6.38282
4.96578
4.03569
3.44601
3.90944
3.90155
4.07822
6.5071
5.4624
3.81652
3.90365
4.33718
5.56616
5.4875
4.26429
3.73165
5.4665
4.78338
4.15257
4.04493
4.05086
4.03328
3.78976
6.37102
5.14913
4.79076
3.85085
6.06068
5.48283
4.05225
3.89019
4.76568
5.20728
6.11591
5.81111
4.49206
4.00347
5.12022
5.90287
3.59176
4.13901
4.94324
7.0332
4.03743
4.63742
5.43557
3.90842
4.19796
3.96759
3.88481
4.11159
4.11791
3.88675
5.98876
4.04123
4.90772
5.18262
4.27834
3.99912
3.89433
4.1325
2.72518
5.84407
4.27648
4.30471
4.36558
3.82185
3.86679
6.1765
5.87255
4.55431
4.87093
4.08312
3.75542
5.19165
2.86719
6.70149
4.12315
4.73278
6.41461
6.58138
5.30949
5.77619
3.63194
4.10065
5.87855
4.14146
4.51657
4.00437
5.44662
3.67622
4.53874
4.94241
5.18471
4.03235
3.79943
3.7874
3.78304
4.19818
6.14225
5.22643
4.6332
4.02958
3.91038
6.48135
6.29971
5.93392
4.72373
4.07887
3.90364
3.82034
3.58782
3.79885
4.62025
2.96195
3.6529
5.32356
5.13699
3.62523
3.26958
3.18571
3.94209
4.44731
3.91283
5.73007
3.12377
5.50619
4.9192
5.77991
4.01277
6.43747
4.20119
6.11715
4.52567
4.86247
5.80891
5.10943
4.05575
2.8809
3.84048
5.2805
4.01603
3.6375
4.18395
5.07296
5.89947
4.12692
4.21555
4.80783
3.64453
3.99319
4.34338
4.04006
3.82374
3.92142
5.38119
5.68957
4.5891
4.2445
5.66968
3.82446
3.78838
4.77812
3.84652
3.58446
4.79927
3.81227
4.61089
5.47173
5.65327
4.52383
5.06247
6.24931
3.05059
3.90876
3.97214
4.65712
3.96766
3.76267
5.64825
5.21792
5.52979
4.01553
4.54701
3.02484
4.56101
4.75545
3.65982
3.95234
6.94139
5.25507
5.29645
5.13869
3.20836
5.67296
5.14144
4.12751
5.05883
3.66447
5.63219
3.69886
4.17998
3.38374
4.76126
4.03617
4.23091
4.87903
4.08607
5.73337
3.9747
6.68352
6.31996
4.21602
5.65816
3.91564
6.8117
3.31715
3.78923
4.60315
4.03091
3.30425
4.87297
3.80786
4.66268
3.96053
3.63784
4.01491
6.29647
4.19689
5.73639
4.76144
3.67681
4.90368
4.20714
3.94249
2.55443
4.095
5.30675
4.8638
5.29902
4.41815
4.67437
4.85087
6.63021
4
3.74038
3.87304
5.80531
2.7805
2.62433
6.37906
4.64294
4.45698
4.27161
5.51863
4.01092
4.29276
3.95426
4.02416
4.00524
5.54678
5.46676
3.67336
3.89242
3.37478
4.10389
3.80723
3.07361
6.0455
6.0005
3.96834
4.09588
5.81761
7.15153
4.91666
5.09334
3.93246
3.69032
4.44058
6.13812
3.38224
4.39845
4.17672
3.9971
4.15759
4.06341
4.30692
4.0441
4.17735
5.57805
4.03404
6.79408
4.36919
3.91204
5.14402
6.2379
4.12395
5.67091
3.88296
4.3576
3.96745
6.30847
4.24445
5.10023
3.90592
4.74338
6.94943
3.84709
4.23559
4.28034
6.34702
4.36824
4.43487
5.26507
3.96356
3.37558
6.3538
6.01281
3.79283
3.77632
5.03645
5.89778
4.25395
3.59086
3.83359
3.38828
5.61384
4.30151
4.14195
5.23782
5.68582
4.03114
4.04983
5.58713
4.26835
3.71187
4.32752
3.2829
5.36961
4.01322
4.81875
5.13897
4.15586
5.04983
5.32523
3.8022
3.83779
3.59099
6.01116
6.22303
4.08005
3.92445
4.05941
2.15076
4.18225
3.81225
6.23356
5.19986
5.91302
4.65167
3.98375
5.472
4.14503
3.77289
4.05658
4.50174
6.0671
6.90296
6.23096
4.5651
5.35963
5.39012
4.9764
4.25689
4.26247
3.9136
4.20948
6.49762
6.23079
3.82889
6.12539
5.92395
4.25201
6.20509
4.0713
5.60979
4.52335
5.84671
2.95857
4.71722
4.02727
3.95299
4.8216
3.8535
4.08711
4.27448
4.63979
6.2836
3.98835
5.18417
3.65501
4.15668
4.21017
6.20653
3.7745
3.97621
6.56647
5.02863
3.99173
4.01176
3.60942
5.25842
3.67522
5.61875
6.20176
4.77178
4.5141
4.2503
3.94722
4.93449
3.89127
3.53064
5.05836
5.26414
3.87198
3.9508
3.89906
5.03824
6.19474
4.46392
4.74447
3.7423
3.74889
4.96471
4.13089
5.58833
3.87718
3.88256
5.1107
4.13036
4.29673
3.99406
3.71003
3.21859
5.85107
3.48075
4.57226
5.43684
4.09034
5.15157
3.99611
4.26108
4.25834
3.79922
5.60442
5.82219
5.28437
4.50043
6.73321
8.03863
5.9263
3.32846
4.00394
4.19477
4.80777
4.07318
5.22805
4.0495
5.3492
3.73846
3.9026
5.88119
4.49796
4.65138
4.0893
3.69752
5.72368
5.57181
5.72227
3.79516
6.29316
3.88076
4.63763
4.36463
5.81333
3.79192
6.03102
5.50703
4.93176
3.88004
6.46002
4.47537
3.71435
5.23407
6.63058
5.70863
3.8804
6.05042
3.98738
5.48868
5.00451
4.07057
4.5685
3.97143
4.1029
7.12686
5.59369
7.01685
4.03746
3.28659
4.02202
4.54498
4.64141
5.46992
5.2575
4.43731
4.40421
4.78248
3.83879
5.94827
4.50649
4.05558
3.49451
6.6146
4.45828
5.33485
5.71734
5.63284
3.93331
4.96547
0.949227
4.2605
5.34571
3.83412
3.94626
3.99688
5.5854
4.02258
4.38103
5.74742
4.57819
4.17291
6.98489
4.97303
3.85106
4.25312
4.23129
4.16223
5.47835
5.91132
4.9542
3.61626
5.99529
6.47003
4.63595
5.34795
6.35022
4.98494
5.06162
4.29432
4.94961
4.64965
4.22704
3.53883
4.70534
1.98543
3.81029
5.71584
4.04502
6.44731
4.21929
4.23549
4.4189
4.43841
5.58076
4.1684
3.93006
6.21468
4.15809
5.12583
4.0187
5.27991
4.47294
3.78269
5.86555
4.24693
6.06906
4.59498
3.81142
4.11516
3.99695
5.10416
6.21937
3.6624
3.87758
5.4784
5.48518
4.62085
5.07067
3.77395
4.33792
5.3052
3.93575
5.4906
4.43043
5.9353
6.51036
4.25752
5.71446
5.49683
4.92244
7.30866
4.7429
3.6507
4.62913
4.53341
4.03415
4.36069
2.76388
3.66282
4.27467
3.79727
3.9738
3.91261
3.47575
4.77773
3.96818
4.18234
4.02025
4.66504
4.34335
5.95756
5.85367
6.25031
4.59588
3.93894
4.57693
5.07412
3.99028
4.0351
3.63244
5.16196
3.89607
5.55075
5.60119
3.6994
3.98734
4.2192
3.62103
3.78653
4.20233
3.97598
3.89436
4.6548
4.80915
3.88496
5.07961
3.98644
4.25502
3.02173
6.49548
5.04916
4.9799
3.78436
3.71825
5.91389
5.82235
4.77724
4.23254
4.23158
5.82237
5.19427
3.86919
5.02863
6.45576
4.00765
5.59821
4.17138
4.44522
5.63182
6.80018
5.01701
3.89143
6.70351
3.56571
4.45655
4.86431
6.73994
3.81771
4.31373
4.52022
4.07838
4.04918
3.85805
5.3527
5.36094
4.29174
5.17039
5.34554
3.89047
7.51881
6.20776
5.54877
4.53421
4.54127
5.6027
5.20486
3.8477
5.8495
5.45597
4.48239
5.15986
3.94135
5.58384
4.67419
3.96228
6.24558
4.41868
7.01637
3.79387
4.10884
4.39098
5.39477
5.36293
5.1752
4.03325
4.25966
3.09399
4.54098
4.05636
5.5771
4.45534
7.31085
6.7458
4.01198
3.24791
4.12317
3.39167
6.12265
5.40073
4.30112
6.24848
3.31954
3.69675
4.28853
5.05239
5.28846
3.81811
3.87319
5.00102
6.85331
2.38137
5.41599
4.6468
4.93765
3.89678
6.01037
5.42217
5.39618
4.95715
4.11755
3.59967
3.60618
4.34596
3.59974
4.04616
5.74242
3.70189
3.78616
4.02221
5.63838
4.11502
3.85678
4.41656
3.92496
6.1391
6.48572
3.84288
3.45055
5.0859
5.49044
4.24671
5.3511
4.25878
5.90132
3.96552
4.04392
4.75103
4.05858
3.78368
6.17644
3.90992
3.22009
4.53245
4.49332
7.0237
5.75755
3.2176
5.01038
5.13956
4.83233
5.81055
4.08334
4.70171
4.1636
4.22546
5.99075
4.08032
4.02043
4.67596
5.4198
4.08907
4.99928
5.4807
5.90045
4.46322
3.85344
5.74779
7.66984
5.26907
3.80045
6.46429
5.59307
5.45459
4.29337
3.85363
3.77581
3.67825
4.04536
4.10403
5.91098
3.31276
4.07246
5.79495
7.40676
3.81045
4.8928
4.92752
4.02338
5.83626
3.83273
3.99514
4.81721
3.98436
3.55535
5.76478
4.09974
4.12209
4.45358
4.06375
4.23084
5.31337
3.89396
4.95059
4.07059
4.88849
4.3054
3.69334
4.07519
5.26929
4.3255
7.17701
3.85358
4.88024
3.84122
3.91215
4.38524
3.97726
4.60559
4.94475
4.93314
5.66763
4.05281
4.06295
3.98746
3.89579
4.86979
4.20697
2.84444
2.82665
3.57022
4.22065
3.74231
4.06473
5.87105
4.80216
6.24975
4.43179
4.01562
5.81154
4.13555
4.38692
4.06668
3.92986
4.49572
3.65276
4.60941
4.74379
3.77264
4.445
4.31346
4.91326
4.13782
6.46784
5.00757
5.68782
4.02539
6.69834
4.32484
5.3392
4.09567
4.20585
3.60286
3.86617
4.86464
3.8476
4.8881
5.56704
3.88198
4.89153
3.66643
5.93743
6.57294
4.2059
4.94297
3.70874
4.15331
4.90894
3.28491
5.7046
4.14886
5.39866
4.46603
3.90741
4.75352
5.74679
6.98631
3.72971
3.93946
5.70392
4.24616
5.96256
5.95782
4.37302
4.81858
5.23417
3.76115
6.41229
4.84896
5.55004
5.15487
3.57473
3.93576
3.81206
6.11661
3.96469
5.84751
4.96193
5.2672
5.48678
4.05958
5.13224
3.70046
4.23834
4.92283
4.77829
5.90401
3.64588
4.84694
5.06664
3.95506
4.30088
4.0368
4.63697
3.88537
5.14581
4.80154
5.56587
3.38403
6.88587
5.64184
4.96702
3.45358
3.36141
2.07101
5.21373
4.05327
4.94756
3.94231
4.02625
4.93809
3.86502
4.62091
5.66021
1.39542
3.79856
4.28614
6.95852
3.93626
4.24107
5.2342
5.00448
4.58557
3.63247
3.93085
4.77818
4.37044
3.99503
5.24541
4.84613
3.37571
4.18571
5.33466
6.9123
3.70758
3.91832
6.50223
4.25788
4.74601
4.18226
4.2618
3.96832
3.1751
4.04247
4.42344
3.38923
4.78139
6.20376
5.1902
5.24265
3.85772
4.78442
4.41941
3.78848
5.04118
3.33333
2.94713
6.04599
3.71572
4.77048
6.0716
6.01772
4.43323
5.6705
6.3861
3.63697
4.05415
5.34097
4.65499
6.42617
4.09324
4.6786
5.40999
4.06093
5.59577
4.03405
4.78488
7.07998
5.4307
4.4935
6.03226
4.69008
4.82317
4.21039
3.95622
4.10439
4.0045
3.99807
4.89201
5.02711
6.2257
3.9203
3.99507
6.07459
4.06506
5.4655
3.46612
5.059
6.62522
6.29901
5.06133
2.84508
5.889
6.61889
4.05137
6.16556
9.32917
4.20928
3.56542
3.65827
6.44628
4.16186
4.78309
5.48878
4.66013
5.0933
3.76345
5.08146
4.11143
5.75854
4.81947
3.61028
6.87932
4.26348
3.89794
5.02625
4.32273
4.33446
4.38269
6.5083
4.85403
3.76381
4.02521
4.36905
3.89718
5.71537
4.56742
6.7525
5.01662
6.07977
3.71693
4.0818
4.03021
4.65423
6.05351
3.75145
5.91206
6.19745
5.055
5.52775
3.77829
4.63474
6.37992
4.1284
4.13235
3.56286
4.19003
3.93567
5.27298
4.33139
4.48515
4.94231
4.04373
5.47372
3.88178
3.9392
5.11021
4.66116
4.05025
3.7119
4.47916
3.4514
3.65506
4.2399
3.82576
5.54897
4.51413
5.1856
3.51793
5.82364
3.94078
5.82074
3.78254
4.05036
5.36415
5.63485
4.4081
4.66543
4.38368
6.42938
4.06353
3.85693
3.45124
4.04527
3.90643
2.92179
3.79079
5.15739
3.3806
4.53543
3.9391
4.11353
5.42763
4.14328
3.63865
4.59862
5.21824
5.28478
5.69718
6.58829
3.89712
4.16504
5.8003
4.54482
2.4053
6.43849
3.73996
4.08954
3.87976
7.10303
2.96681
4.29646
3.74457
4.51404
3.5748
4.98409
3.2308
6.18975
5.50231
5.24167
3.78123
4.04574
4.2693
4.78007
4.80939
4.19245
4.74918
5.35093
4.52514
6.18173
6.04258
4.78613
4.04492
3.97696
5.56345
5.88648
5.07832
5.01499
3.4023
5.79822
3.92272
3.91718
3.65133
5.58871
3.91621
3.73122
3.75143
4.16615
5.40375
4.79427
3.96959
5.71971
5.568
5.03529
5.02634
5.82316
4.09022
4.79305
4.2565
3.143
6.03744
4.27623
6.12443
5.80131
3.80979
5.4116
5.17478
3.95841
6.16037
4.26529
3.92664
5.63498
3.8698
5.07791
4.52388
6.7397
4.2375
4.99816
4.14447
5.75643
4.1027
3.81576
3.90258
4.21672
5.07892
4.80911
3.47974
6.95157
4.03739
3.93545
3.14011
3.91168
5.21154
5.32324
4.04076
3.95278
5.9317
4.18148
3.62101
3.77788
5.17402
5.78459
4.57718
4.86276
4.63627
4.1214
4.44841
5.04479
3.7641
6.38798
5.02626
4.71171
4.24793
6.28545
3.91258
3.70105
4.16646
5.78926
5.08253
6.6275
5.71174
3.54898
5.63608
4.13298
7.24963
4.20607
5.27317
4.81518
3.98626
7.35622
5.00747
4.12629
4.43063
6.32528
5.48865
7.21606
5.38165
3.67789
4.08823
3.98773
3.03277
3.85687
4.29508
5.29517
5.0207
5.80741
3.92923
7.35042
4.43937
4.02913
3.71861
4.56423
4.50416
4.13631
2.84493
4.51695
5.53512
4.20685
3.37722
3.91337
3.84589
4.81904
4.60037
5.59594
5.03374
3.81812
3.44762
3.93769
5.00424
5.86923
5.12922
4.7828
3.8942
4.28599
7.00764
5.24281
4.52321
4.41643
4.9318
4.06554
4.69744
6.21733
6.17099
4.42409
3.92646
4.22033
5.44653
5.83402
3.54276
5.27308
4.43858
4.126
5.53452
4.38942
4.16529
3.81661
3.91022
5.12748
6.11874
3.81783
4.23768
5.3037
4.1175
4.02672
3.62722
4.92481
3.92166
4.09232
4.5389
4.80685
3.84533
6.91526
4.07695
5.91989
5.72577
6.31172
4.07591
6.44085
3.88964
4.53477
3.79753
6.89243
5.47275
5.23556
4.85017
3.42535
4.64508
4.84822
3.998
5.11198
4.62624
6.15667
6.02847
5.80023
4.9438
3.72361
7.28702
5.55955
3.91245
3.92547
4.0956
6.14579
4.01019
4.86978
3.81814
3.99483
5.22313
5.6402
3.96647
5.15894
6.84001
3.88684
5.97054
5.63023
4.1554
6.56127
4.3367
4.53427
5.45796
4.42037
3.91356
4.06068
3.73289
5.36364
3.94286
4.00404
3.89088
5.84037
4.02121
4.92763
4.07793
4.90957
4.05398
4.93853
4.1679
2.83711
4.6543
3.81052
4.23347
3.85524
4.50642
4.83282
3.34398
3.95523
6.09943
4.00894
5.96534
3.69896
6.21699
5.21502
4.01849
4.16798
5.06792
3.76282
4.44537
6.06633
4.02935
4.1095
5.7128
5.10148
4.27546
4.30586
4.48544
3.77638
4.38635
5.30769
4.34925
5.62832
3.77186
4.29309
3.88702
5.47601
4.17711
7.11154
4.37876
3.44759
4.60081
4.03261
6.07495
5.3718
5.24894
6.77088
4.82703
4.44748
4.2059
4.11467
6.545
4.68083
4.03791
3.75644
4.83995
4.69229
3.90907
6.02506
5.71967
4.47842
3.82948
4.75866
3.99835
6.01911
4.60114
3.8979
3.62982
4.09666
5.5141
5.86759
5.54528
5.27113
3.23751
6.2138
4.8252
5.04949
4.87923
4.91082
5.57564
7.8073
5.74911
3.55288
3.68474
4.77946
4.0022
3.99004
6.31457
6.18804
4.97016
5.1916
6.42061
4.34584
4.03264
4.47214
4.57911
5.40177
4.64942
4.13625
3.70373
4.54303
4.7794
4.15786
5.7963
4.16289
5.35314
5.60721
5.88125
4.57085
5.5303
4.45108
5.1841
4.00199
4.13592
5.98303
5.677
4.10204
5.22029
6.88378
5.93565
4.08289
3.8879
3.84021
6.18668
3.94561
4.21247
3.86688
4.13109
3.47106
4.61942
6.20064
6.43499
4.01504
4.01612
4.08196
4.03115
5.97388
4.02175
3.66276
3.55374
3.51019
3.79379
6.74903
6.83718
5.60681
5.46957
6.4619
3.93239
3.78677
4.24181
2.50329
5.82951
5.02564
6.46327
4.84326
2.85344
6.01651
3.58063
5.81143
4.06551
3.42348
5.25717
3.79942
2.89338
5.284
5.07011
3.97931
5.11592
5.22892
3.82956
4.46019
3.16118
5.07761
3.91376
4.92065
4.86389
4.49214
4.12613
4.26537
4.05869
4.08199
5.07691
4.52779
4.96804
4.78695
4.54115
7.02122
4.01707
5.15272
3.99952
3.63798
3.50807
2.91388
5.70812
4.78076
5.8354
5.02295
4.13258
3.88262
4.74799
5.92266
3.90047
4.15081
5.37906
5.16532
6.40043
5.63931
4.09668
3.82139
3.75986
3.66233
5.06668
3.83114
5.74673
5.39338
3.91347
4.22464
3.60043
3.63441
4.59774
4.95976
4.35387
6.13431
5.16529
3.82085
5.66717
3.71321
5.9094
4.82098
4.11078
4.15113
4.23975
6.65365
3.88172
4.93453
5.14209
3.96234
4.78564
5.86319
4.90692
6.47219
4.88431
5.16765
3.94204
4.40169
4.13853
4.15826
5.86901
4.50641
2.75018
3.56785
4.99666
5.06418
4.11369
2.6324
3.91665
4.40639
4.26255
4.60635
3.91895
4.78667
7.09923
5.1026
3.5984
6.43008
5.90039
4.95139
3.81724
6.04883
3.84127
5.18715
4.53013
3.26756
3.61614
6.00006
4.80297
4.83956
4.25311
4.11109
4.08938
6.2928
5.74394
4.33053
3.67043
3.9139
4.58516
4.04417
3.41111
4.02257
5.2706
7.30852
4.70195
4.33789
4.13525
5.16379
4.046
3.62842
4.34352
4.38121
3.77202
4.60815
5.17917
4.65501
3.97251
4.11906
3.57009
5.80273
4.96021
3.8808
4.05427
5.54368
4.64204
3.8386
3.59395
4.74629
4.43466
3.7191
4.55149
4.91483
4.11894
4.08251
3.70552
4.5661
4.16516
3.67972
3.89145
6.90964
4.08738
7.02602
4.68728
4.98401
4.99738
4.03777
3.85624
4.0299
4.56679
5.86252
6.77809
4.44853
4.17355
4.03741
4.09107
3.75976
6.42238
4.26472
3.92464
4.20774
3.68111
3.70084
5.66131
3.85154
2.68257
3.85737
3.99428
6.40816
4.14151
3.81958
4.15794
6.59763
4.10174
4.97531
3.87912
4.49344
4.42615
4.10773
7.06276
5.37667
4.38499
6.13316
6.73913
3.91709
3.78838
3.97685
5.05058
3.8795
4.78469
3.75
4.35067
3.38195
6.41832
3.81742
4.43932
5.45384
6.56357
3.98996
3.98748
4.59235
3.80648
3.95125
5.36516
4.76173
3.54189
6.78388
3.92954
4.90052
3.98819
4.03596
5.01846
4.08237
5.19134
3.37592
3.90788
5.90263
4.72837
4.99946
3.05978
4.91527
4.57228
4.75138
4.11903
3.28472
5.73653
4.2915
3.6207
4.25727
3.97392
5.13162
4.20398
4.8457
4.48527
5.23811
3.66294
4.03841
3.78285
5.76042
2.75158
3.83613
5.19969
3.86548
5.37617
4.0685
5.81177
3.83841
3.92146
3.80906
4.3816
6.11493
5.4161
4.7199
3.56007
3.66609
4.08603
4.97094
6.27066
3.90412
4.3821
5.61475
5.20896
5.09919
3.69271
3.95988
4.04675
4.48955
3.95139
4.01109
3.73207
4.15551
5.20836
3.9987
4.9448
4.84145
6.15875
6.1561
3.96406
3.83063
6.14451
3.57228
5.49835
4.45592
5.35128
3.95271
4.65472
4.08935
7.3374
4.24514
5.76785
6.75243
3.9352
5.50221
3.82102
5.59604
4.30231
5.61936
4.16442
3.57115
5.56822
5.59591
5.69349
6.12405
4.01989
3.99778
4.43376
6.58584
4.79659
4.44502
4.03316
5.86438
4.40568
4.32756
4.41368
4.07258
4.14482
3.94633
4.0529
4.5722
4.08311
5.75975
3.7161
4.90372
5.21441
6.93976
4.66194
3.81812
5.3549
4.02424
6.24274
4.15149
3.93476
3.39784
3.83069
4.49387
5.89853
3.91607
5.5308
5.47374
3.98753
5.53977
4.45507
4.1149
5.44556
5.56857
4.84705
7.49771
4.34524
4.73981
2.95336
6.5518
4.83118
4.94229
4.72435
5.8925
3.72903
5.60646
4.42733
4.6898
5.62471
3.84656
6.29179
4.08017
4.08152
4.66041
6.21899
4.07574
6.60363
4.2063
3.81545
5.03224
5.05688
5.02491
5.34859
5.62709
5.5536
4.6946
6.74546
4.21563
4.0388
3.22405
3.82867
4.05788
5.38979
3.91864
4.64782
3.91756
5.54568
4.03652
3.87281
5.45598
4.82746
4.2253
5.40252
4.12817
3.20853
4.26949
4.11548
5.92438
6.04047
4.18339
6.41242
4.11858
4.7815
6.66928
3.84744
3.90709
3.12208
4.0247
4.17185
3.85438
3.38283
4.25542
7.41673
3.91626
4.31108
4.04117
5.06685
3.92137
4.00738
4.90564
4.14725
4.07886
5.35163
5.31085
3.83451
4.31602
4.80403
5.5259
4.26987
5.24975
6.06919
4.42159
3.64873
5.02858
3.7005
5.01103
4.61333
6.28167
4.1841
5.86783
4.39398
4.43507
3.70123
3.66836
5.7108
4.18773
3.64994
4.10295
5.41583
4.47953
5.70039
5.77489
3.85768
6.64944
3.41487
3.83119
4.34113
4.13649
4.6952
5.65622
5.14773
3.79252
1.84237
3.84679
4.72624
4.0235
6.02812
4.61498
5.64657
4.37928
3.45687
5.91922
3.82695
4.32252
4.04013
4.14448
5.53404
4.03502
5.91204
5.23096
4.61163
3.83205
4.71255
4.0776
5.15147
4.22769
3.75022
5.80378
4.05344
3.6282
5.72486
4.65154
4.1579
5.54504
3.70705
4.08703
6.39378
3.46449
7.18236
4.08355
3.54981
4.13851
3.94801
3.7494
3.83364
5.34518
5.43726
5.10375
4.80375
3.89733
4.37283
4.02067
6.01371
4.32506
5.00371
5.82673
3.96081
4.05749
5.70211
4.32936
4.58447
4.33468
3.90353
5.95681
5.62714
5.31771
6.32566
4.12259
5.88198
4.40662
4.70793
4.7465
4.15358
4.12994
3.88194
3.80088
6.8937
4.7924
4.01454
4.02157
4.54807
3.81408
7.84119
3.90701
3.89823
3.81353
3.91552
4.24607
4.85995
5.59116
3.55496
5.08464
4.20536
4.13903
5.15629
3.88542
3.83281
5.60986
7.5171
4.96598
3.74342
3.1876
5.55822
4.01242
4.37966
6.17013
3.6979
6.10305
4.5626
5.96696
3.49647
6.87359
3.75984
6.04147
4.34163
7.74703
4.19502
5.97129
4.34677
5.05274
4.61632
4.06322
3.89605
3.83703
6.06786
5.83353
4.64835
5.52749
3.98664
4.09199
4.57691
4.61486
4.10534
4.03303
5.19605
5.22053
6.56481
3.71221
4.38082
3.76811
4.95048
5.51975
3.98733
4.59832
4.4157
4.99993
4.60917
4.07439
4.96592
2.82361
4.0595
4.17138
4.62985
5.93504
4.91291
7.21793
4.75591
3.78233
5.35963
6.42743
5.24253
3.77617
5.30762
3.4961
3.97233
3.83673
3.98313
5.42812
5.01985
2.99772
4.74698
4.03492
3.87533
5.03984
3.76624
4.03914
5.25597
5.14065
4.19509
3.81678
8.30499
6.71095
5.15292
4.11981
6.19138
3.12874
4.3274
4.69169
5.11226
4.09373
4.25763
6.15137
3.74251
3.86435
3.51815
4.28869
4.05551
3.84392
7.35389
4.53695
5.84708
5.27276
5.92201
6.5921
2.31632
3.90572
2.47876
3.72425
6.76606
5.29694
4.29168
5.61091
4.2547
3.51942
3.94187
4.17046
3.67372
5.16846
2.56176
3.8855
4.05714
4.04919
5.30785
5.76244
3.53273
5.56234
5.07825
5.17771
6.2337
3.89432
6.541
5.1842
3.67301
4.97389
6.63748
3.52647
3.99265
4.59282
3.74512
4.24981
4.77843
3.92308
4.79551
5.5069
6.58018
4.1033
3.78133
5.44518
5.92936
4.8268
4.34501
5.75053
3.88296
4.27118
4.08756
4.62246
5.67046
5.42022
5.87995
3.30443
3.80627
4.75226
5.3599
3.98401
3.93098
6.01177
4.17287
3.61616
4.16937
5.22838
3.18548
5.80777
3.71705
4.16967
3.68228
2.60719
4.12481
4.08387
3.90986
3.61901
4.03121
7.48332
4.44277
4.01415
4.47848
5.59025
6.56809
4.23971
5.58697
4.01151
6.1274
4.41115
5.69498
3.9509
5.59952
5.79375
4.00203
5.50377
4.45546
5.31904
3.68877
5.25488
3.82458
4.55552
4.19497
3.74458
5.48166
5.01437
6.64008
6.30794
5.81382
6.93654
4.30783
4.56943
4.50246
3.84445
4.19549
6.70461
3.82506
5.51569
3.9884
4.26184
6.65809
5.45348
4.14358
5.95136
4.06491
6.96531
3.7241
3.97415
6.27111
5.24073
3.99631
5.04777
3.72071
4.50839
5.90766
3.70779
3.91966
3.94293
6.01582
5.9814
4.02583
7.20279
6.80502
4.04397
5.84382
4.273
3.78763
6.63673
5.52197
4.03623
6.1385
3.37898
4.1789
5.87668
4.10181
5.07057
4.01393
6.32725
3.75306
3.10334
4.42208
4.92307
4.01536
6.43899
5.04128
3.88844
5.0484
3.38356
4.61767
4.40062
6.21347
4.12982
6.7967
3.96467
4.50261
4.58599
4.32483
4.57691
5.81247
4.71516
4.42907
3.94282
3.42713
4.05695
5.02506
4.31748
3.89005
4.09591
4.65718
5.51207
5.14354
4.06362
4.0829
7.15956
6.36083
4.18291
3.871
3.77596
3.97954
3.69422
4.06259
4.78839
5.00895
5.13243
4.2515
3.65077
3.98494
5.1765
6.16534
3.83917
4.97063
7.14967
5.38407
5.65038
3.96068
4.45791
4.26532
6.60884
6.1011
4.76321
6.20923
4.16544
4.08009
5.06254
4.01708
3.70213
4.17174
2.9326
4.82344
4.89158
4.36362
4.1406
3.68455
4.34566
6.30407
5.58242
4.10629
4.21875
4.04673
4.96989
3.89393
5.56047
4.01713
3.87565
3.55128
4.03676
5.1642
3.47946
6.23272
5.04227
3.86803
4.17276
3.64765
3.76466
5.88393
5.23027
5.19675
4.90906
4.83384
5.93174
4.06089
4.41972
7.47351
6.38907
4.0439
4.5569
4.46098
4.11041
3.50742
4.55081
3.96866
3.53581
6.46101
6.07652
3.71041
4.11946
4.06444
3.73678
4.70265
6.65672
3.06121
3.87908
4.95901
6.24538
4.67709
6.36283
3.67175
4.25803
5.27393
4.91542
3.69264
5.92979
5.27945
5.75574
4.1643
3.93038
4.65499
4.10728
3.92327
8.2446
3.78956
5.38686
4.03351
3.87274
3.83062
5.60407
3.78716
4.06035
4.11414
3.95634
4.16429
4.20529
5.22328
4.41821
4.78896
4.82072
4.04414
3.38313
4.68697
3.9329
6.33107
4.93452
3.9471
4.35126
6.05238
5.3108
6.29854
4.0703
4.38397
4.93384
3.79412
4.32022
4.11724
4.28969
3.58604
6.7379
5.91591
5.40198
4.1417
4.15963
3.95883
5.60791
3.8228
4.09984
3.92909
7.05069
5.6138
5.35928
4.19319
3.93639
3.59339
5.34338
3.74046
6.04799
6.23381
5.30546
7.05339
5.88788
4.34648
6.22801
4.42814
4.28361
6.08074
6.49976
4.15975
3.90895
4.14865
5.53422
4.60349
5.03521
3.79
5.36105
6.7644
3.4863
4.66583
4.4685
6.19921
4.45525
3.91
4.07057
5.87501
5.36855
5.35908
4.52991
3.95735
2.28606
3.89206
6.05714
5.63723
4.57139
2.71909
4.0623
4.23502
5.67997
3.93299
6.75623
3.8451
5.25395
4.24317
4.19182
4.55691
3.4909
4.66048
5.21162
3.92613
3.91804
4.05716
5.73156
5.80892
3.56892
6.36072
4.67089
6.2444
5.80088
4.11276
4.60191
3.6297
4.23923
4.30767
4.07119
4.05767
4.03016
3.92224
4.23797
4.08361
5.89313
3.64295
5.03899
3.81436
5.231
3.15788
5.49801
5.27018
5.20413
5.40497
3.80996
5.06136
4.89982
4.0641
3.6879
3.79067
4.8891
4.60681
3.901
3.65633
4.0612
3.97661
4.11867
5.58658
3.62629
6.39
5.46233
4.59408
3.75906
5.86968
6.89049
4.65821
5.01321
5.9054
3.90383
6.42141
3.92417
6.30504
4.71928
6.38245
4.61312
3.74429
4.35708
4.11983
3.74568
4.26319
4.39398
5.71278
4.68912
3.82023
4.8219
5.20174
5.6609
4.12203
5.32556
5.44842
3.99375
4.55352
3.85938
5.93913
2.67356
4.11395
3.8715
4.28362
6.55634
3.99537
4.04672
5.60197
5.68753
4.91037
5.67425
5.05034
4.68835
4.24679
5.75453
3.28142
4.64666
4.48196
5.01101
3.63011
3.82256
3.84555
4.01986
4.93979
4.72198
5.58119
4.15173
4.13667
4.36107
4.36237
5.39743
3.84657
5.00599
3.69417
5.36331
4.48665
3.756
5.44297
3.74758
5.56949
5.0722
4.8258
5.59344
4.76083
4.71516
5.02893
3.66097
3.86046
5.62655
4.01205
5.98859
3.13486
5.98814
4.68936
6.58424
5.71451
3.93208
5.63556
4.38818
4.391
4.05335
5.03355
3.39862
4.25724
4.38813
5.2637
3.71556
3.76913
5.72443
4.94976
5.87892
6.13571
5.34106
5.36148
4.03175
6.40478
6.39894
3.58862
3.74537
5.47093
5.13045
4.21396
3.32215
3.94049
3.70502
4.02898
6.44731
5.4894
4.27189
4.10255
4.01896
5.60398
4.63539
5.8389
3.77154
5.21988
4.88786
4.14221
6.9574
4.22609
4.61426
4.25722
6.07104
5.032
4.18221
4.96635
4.4169
4.51501
6.4056
5.3442
5.65136
3.94036
4.23374
3.88256
4.06311
3.99912
3.12413
4.95619
6.42951
3.8024
4.09742
4.19983
4.1561
5.74467
4.83893
3.88786
4.16598
5.79996
4.80142
6.1661
4.77618
4.57226
3.68105
4.91432
4.10459
3.66084
4.78116
2.91428
3.933
4.01217
3.8488
4.28182
7.09299
4.21916
3.60037
3.92861
6.35268
3.90334
3.52357
4.24198
6.20649
3.84672
5.09561
4.75653
3.78533
5.53525
4.17632
4.65584
4.11318
4.45111
4.0396
5.18116
4.20603
5.47571
5.9071
3.33193
3.87023
4.2537
4.41212
4.47821
4.12622
3.57113
3.9655
4.91756
4.98334
3.79023
4.95449
5.40431
4.18486
4.60551
4.52597
4.10123
3.47446
4.53736
3.68221
5.52685
3.92923
4.06391
3.75449
5.8156
3.94386
4.20559
6.10435
4.86984
3.76567
3.02175
3.97979
4.05016
5.47889
6.58474
4.49127
3.99875
4.84027
3.88778
4.2176
4.23415
3.93137
3.69245
5.7358
4.05278
4.18662
4.22041
7.15918
4.23502
3.86706
5.23499
4.18257
4.43555
4.68708
3.96492
2.94857
4.16828
4.43928
4.16712
5.57119
5.26804
6.24071
4.11098
4.61382
4.23134
3.69681
4.17939
2.44195
3.62399
5.84235
4.97397
4.0076
5.52037
4.72485
5.16191
5.83755
4.06943
3.56967
5.37886
4.93778
7.44206
6.39751
4.31087
4.48212
4.1596
4.14465
5.70495
4.24493
5.95775
5.604
5.45735
4.58224
5.75881
4.22889
4.54056
6.39168
6.53789
5.45708
4.27272
6.23176
5.42408
4.29533
6.45303
5.6131
4.55017
3.82995
3.98431
5.24112
4.24494
3.8097
4.38289
3.72531
5.51729
4.51614
3.76216
3.94449
5.44002
4.43588
5.91194
4.00374
4.53078
4.88205
3.80059
4.1073
5.69898
4.1134
5.78739
2.97797
4.15504
4.32164
4.91295
4.37857
3.79875
4.89656
3.51041
4.26056
4.18577
6.00273
5.97874
5.6564
5.00257
6.47578
3.2059
3.96244
6.04434
3.90325
4.74763
5.63614
4.88893
4.40049
4.33025
4.71892
4.9531
5.73208
4.00616
3.15101
4.68377
3.65306
4.04775
5.18585
6.04099
6.12901
4.1748
4.46956
4.57605
4.06535
5.08339
5.51641
5.37472
5.33402
4.24147
7.88905
4.31971
4.15091
4.57502
3.67309
3.97544
4.78382
3.6278
4.15983
2.94872
5.58277
4.88728
4.20652
5.89607
4.66092
4.25767
3.71856
6.32237
4.3372
5.40856
7.69222
5.08926
4.87714
3.5423
3.90997
5.75665
6.24476
4.55313
3.99999
3.69316
6.68029
4.38521
4.01353
5.57235
3.69479
3.59864
4.16892
5.85412
4.1357
4.58284
4.39478
5.59004
3.99261
6.08439
3.35037
4.07714
3.99748
4.60316
4.21797
4.92325
4.09974
6.73328
4.7974
5.44126
3.96447
5.62948
3.82995
5.14012
5.18341
6.08805
5.24634
3.74156
5.38584
4.37834
5.24113
5.29283
5.05794
6.25747
4.8696
4.86537
5.71551
4.52035
5.71277
4.51898
4.76898
3.63459
3.92685
4.12128
7.43067
5.33673
4.00346
5.11278
6.85791
5.33934
5.511
5.96421
4.22052
4.35541
4.1128
6.41618
4.99084
4.12198
4.00153
3.93024
5.3852
4.60496
3.71276
4.18593
6.51543
4.4789
5.11255
6.76627
4.06328
4.66754
5.66277
2.31433
7.43509
2.96644
4.03612
4.22026
3.94951
7.47017
5.70637
4.01119
3.99584
5.02931
3.35774
4.74916
4.62905
3.99443
4.02403
5.43721
4.41903
3.86951
5.16418
3.74671
5.35295
5.20305
4.57834
4.0142
4.65273
4.31507
3.24636
5.34227
4.94219
4.74955
3.87652
4.30837
3.97804
4.26483
4.01956
4.72696
4.18349
5.1062
4.16532
5.10147
5.08657
6.6149
4.95702
4.06352
3.85254
3.86239
5.91061
3.84689
2.79158
3.83844
4.6657
4.95999
4.08991
4.00887
5.52974
4.21944
4.04278
4.79014
2.5239
5.46534
5.7512
5.26606
3.94035
3.93412
6.31235
5.26885
3.88097
3.86728
4.1963
3.84925
4.4456
4.18611
4.07569
4.07688
4.51528
4.05197
5.57503
4.36236
3.02965
4.52195
4.10581
4.3048
5.43998
5.52757
5.87864
3.81709
5.23349
4.01192
3.89241
5.52776
5.10567
4.15256
6.3301
5.46682
6.2509
5.15458
3.60969
3.37446
3.10429
5.82652
3.84949
4.39361
4.0999
4.42946
4.61808
4.84563
4.99321
4.25449
3.86219
4.59136
6.6642
3.9221
4.3676
4.16069
3.85331
4.03222
6.5165
3.60608
4.31759
4.97359
4.83114
4.13299
4.20528
3.72492
3.52405
3.92378
4.68121
6.27901
5.25766
3.67117
4.29272
4.26729
5.50092
3.00873
4.93656
3.93629
4.49087
4.38125
5.81155
6.88693
3.7566
3.95788
3.99928
5.15013
3.79772
2.84436
3.94359
5.55989
5.00571
4.1967
4.09912
3.23907
4.28246
3.57316
4.7294
5.29603
4.76786
2.82939
5.16727
5.47405
5.69303
6.52647
4.47783
4.24397
6.27183
6.00182
4.57726
4.91372
4.08668
3.75431
5.94378
4.66137
5.38194
5.90142
3.81422
4.01068
5.33547
3.63283
7.12938
3.66557
5.24427
3.96576
4.06146
4.13984
4.29423
4.25505
4.89531
6.00588
4.0323
4.15486
4.39796
5.19019
4.81968
4.24665
4.40487
4.46348
6.1872
3.86805
5.3958
4.68807
3.749
4.01315
4.10409
5.50416
5.41149
5.26633
4.87932
4.31723
3.89606
5.46974
2.91393
3.85624
4.10523
5.7087
5.8052
4.01018
6.19729
4.78153
5.13807
3.98784
3.80071
4.10849
4.13916
4.72223
6.11982
4.17673
4.3816
3.47097
7.1204
5.64319
3.83723
3.62614
6.13681
3.93705
5.2189
4.79618
4.97323
5.82273
4.54074
5.8249
4.83759
5.88535
5.07608
4.73421
4.22346
3.93845
3.86236
6.18206
4.32549
3.76493
4.74478
3.81941
3.68985
4.06516
3.98154
4.95116
6.42097
5.29876
5.58668
2.92984
3.99971
5.09225
6.24166
6.51976
5.29432
3.89889
5.06122
3.83491
4.44576
5.58442
5.81471
5.00311
2.53394
4.35925
4.02624
2.89397
4.18514
4.75766
4.79663
5.39482
6.35919
4.86282
4.31039
4.7114
3.03488
5.38064
4.35081
6.82101
4.84062
3.64622
2.49828
5.27457
4.26932
6.1208
5.36678
4.70827
4.94376
3.9787
5.22538
5.07729
3.45653
4.7859
4.37022
4.73818
3.41998
5.69353
4.11635
4.43194
4.01828
4.24057
4.48311
4.6002
5.60308
5.50179
4.5708
3.6747
6.11441
4.27368
4.23895
3.88506
4.39024
4.13922
4.89267
5.68832
6.45932
6.21864
4.42874
3.8154
3.51133
3.405
6.03249
4.0905
4.38464
3.77674
6.14119
4.36407
4.84182
3.76868
4.77262
5.27852
6.1134
4.63031
3.84948
5.15017
4.65791
2.7283
5.92096
6.76363
4.12788
4.64336
3.90067
3.74338
5.4381
3.93243
5.85201
4.05846
6.77537
4.94888
5.23674
5.43662
4.05088
4.16986
4.55891
5.61433
4.09922
5.07997
7.46067
5.83684
4.27713
4.00136
4.45151
6.77794
5.18779
6.0541
5.27957
4.1207
5.58219
5.14509
4.07341
4.03765
3.52292
4.65767
6.76605
3.96167
5.25494
5.4515
5.98576
4.4268
5.33916
4.88814
3.74125
3.84199
3.30903
4.03202
4.65859
5.70502
4.50666
4.37248
6.09518
4.12218
5.26382
6.6068
4.75308
4.62927
5.30013
5.43123
5.17879
4.07871
4.11957
3.26972
3.29565
3.85956
4.25245
4.21713
5.541
4.16263
4.43013
3.87459
3.86887
5.93993
7.37443
5.75741
5.04111
3.98079
3.98093
5.50817
5.04056
3.97328
3.78617
3.90616
3.99453
4.2937
4.248
3.71768
5.91965
6.58968
3.66202
3.90101
4.28853
3.87144
3.86849
4.31677
4.57036
5.33989
5.29338
4.30495
4.61004
3.64995
5.36116
5.90044
3.93953
4.2025
3.81697
4.63126
5.33309
4.70785
3.74522
4.799
4.3153
5.08431
4.36492
3.84509
3.90511
3.67044
3.93612
5.48062
4.00694
4.84774
3.93127
4.1154
3.97495
5.14466
3.94276
4.83168
3.94922
6.28757
5.73538
5.83515
5.53813
4.78713
4.18767
3.48524
4.65592
5.25953
4.2684
3.89071
6.21094
4.17484
4.13434
5.37716
4.01084
5.32558
7.36802
4.00774
5.26786
4.18296
4.06285
5.35449
5.63705
5.23092
4.34315
4.19595
3.48471
3.96135
6.99395
5.11301
5.19086
3.90156
4.14339
6.5174
4.16099
5.0431
3.78499
4.12792
4.13408
3.92669
3.90407
3.51151
5.07159
4.16699
3.20899
4.04629
4.09176
7.45088
6.32981
4.82321
4.04941
4.02219
3.85843
3.91208
4.13749
3.56471
6.11217
4.09708
5.03817
3.63777
4.60443
3.75052
3.99911
4.24408
5.99417
5.14284
4.31444
3.34846
6.45822
5.46371
4.04586
5.06914
5.39724
6.46569
4.92137
6.48058
4.74395
4.26727
2.79705
2.54635
3.12146
4.23158
3.37456
3.78441
6.28184
3.75007
5.65633
6.02463
4.17676
4.19694
4.26164
3.39505
5.31893
4.05146
3.87298
4.06184
3.9745
4.02297
3.90013
3.16325
4.38736
1.7237
4.40128
3.79235
3.60259
6.11344
4.10671
5.86368
3.80541
4.98193
6.18512
4.20675
4.03354
4.25932
3.80177
7.2361
3.81089
4.01328
6.17464
3.72597
5.73208
3.29111
5.53344
5.04438
4.97836
4.12698
4.49695
4.49504
3.75856
3.97097
4.59655
5.04018
6.31386
4.22509
5.95839
4.09738
5.81915
6.63686
3.7887
4.71569
5.43839
4.17938
5.32285
7.31937
4.31844
4.05472
5.05761
5.77415
5.55341
4.15697
4.14854
4.07848
2.21977
3.85359
5.56567
5.73772
6.3698
5.17846
5.81862
3.9812
3.84456
4.02612
5.73867
4.2853
3.73465
6.05907
3.83095
4.76086
5.49246
3.64423
3.68176
3.99053
4.82879
3.99495
3.59095
5.95362
4.34623
4.9052
7.12317
4.25376
5.53739
5.26779
6.88687
3.83534
4.00198
4.05492
4.03043
5.66187
5.08105
3.96506
4.23056
4.056
3.27906
6.13243
3.95678
4.47218
3.91095
3.02956
5.9887
5.392
4.10174
5.3446
3.75828
6.42602
4.60996
3.82527
4.38554
5.52912
4.20003
5.3379
3.96677
6.32067
5.46012
4.83336
4.73764
3.95566
3.93092
4.9295
3.9197
5.31991
4.02917
4.2783
5.55724
3.81701
4.77131
5.38869
3.82202
5.51425
4.18853
3.59154
5.36478
3.69101
6.4305
4.08404
5.57292
4.5204
4.18569
2.85234
3.96551
6.15835
3.5838
4.38582
5.34374
3.66409
3.77666
3.65741
4.13041
3.97231
4.34065
4.66215
5.09875
4.19715
5.40661
5.59564
3.96633
4.02261
6.52879
5.97261
4.10875
6.09797
5.4994
6.00555
5.89292
4.04281
4.57149
3.78078
4.07662
4.23723
4.39206
5.14759
7.08523
4.47515
3.54142
3.9943
6.89656
3.477
4.63235
4.36956
3.44695
3.44437
4.09863
5.66104
3.82091
7.72127
4.13063
3.60931
3.88594
4.43999
3.95591
4.59601
4.36313
3.3857
5.5463
4.34974
7.6725
3.73275
4.27574
4.19879
4.06399
4.83262
4.14768
5.63286
5.06795
4.35215
4.03587
3.7235
4.01529
5.639
2.75492
3.80321
6.45427
4.50971
4.40164
4.46167
5.55414
3.86265
3.59632
4.01305
4.91839
3.94078
5.91256
4.46211
3.11184
4.20446
4.28722
4.5308
4.26401
4.20416
3.12438
6.29595
4.04989
4.35785
4.05483
5.70032
4.55824
5.45435
6.21768
5.61602
4.30896
5.79156
4.56978
5.83079
4.17012
5.31426
5.34775
4.63976
4.73079
6.01762
3.85192
2.42347
4.34822
4.06047
5.34306
5.25562
4.23262
5.29562
3.98559
5.74715
4.24892
3.92958
3.86433
4.24121
4.00619
3.43301
4.42223
4.28839
4.44489
5.4766
4.94316
4.72122
4.17979
6.55307
3.34741
5.51142
4.79245
5.56021
4.08487
5.95209
4.21048
6.81073
5.09168
3.08635
4.30872
4.08557
4.91717
5.45021
4.57186
6.05704
4.06091
5.01239
3.6966
3.69669
4.97607
3.9719
4.32868
4.53272
4.31425
4.73641
4.36215
5.43424
4.01366
5.17749
4.69203
5.50099
3.61611
4.92808
5.65635
3.98788
3.91167
3.88827
5.76205
4.12952
5.80127
3.88576
3.74625
3.94988
3.95765
3.1865
5.02726
5.40725
5.56733
4.50049
3.53338
4.16615
5.61989
4.3493
4.30707
5.21504
5.73128
3.82953
3.64944
5.25973
4.78224
3.70602
4.20266
3.85226
3.42006
5.57076
5.78194
5.2886
4.1021
4.08426
3.85214
3.40145
4.08849
4.47642
3.74311
5.75148
3.99951
4.00455
4.82071
4.0069
5.06442
4.80144
4.8994
3.83768
4.1528
5.15554
6.35124
5.33133
3.69985
4.53163
4.80217
5.37921
3.82112
4.07704
3.52902
4.40978
3.92097
4.47602
5.35625
4.03028
6.94017
6.50764
4.13975
3.66677
6.57427
3.79814
3.93041
5.4486
4.91114
4.29713
3.89989
5.96562
4.44942
3.99376
3.1311
5.55624
4.11143
6.7819
5.86397
5.67914
4.57233
3.75701
4.4067
5.27359
3.69173
3.62428
6.25552
5.55275
4.09876
4.1812
4.78297
7.47578
4.90383
4.04342
3.93901
4.24684
6.26256
4.45341
3.53643
6.2931
5.64409
5.31606
4.00715
5.11589
5.19655
5.67446
3.84216
3.55061
4.54448
3.4439
4.1405
3.49212
3.97047
4.84099
4.5682
3.41228
4.62037
5.0054
3.9902
4.15259
4.42017
3.81626
3.98034
3.81543
5.11747
3.13182
4.59026
5.76816
4.6135
6.54869
7.21207
5.14691
5.09932
5.06274
5.97041
5.72402
4.08886
6.67746
5.68722
3.72073
3.72524
3.77189
3.31334
4.89589
4.11689
4.11138
3.93344
4.13249
5.29727
5.09992
3.48108
5.09282
5.48997
6.46836
6.03144
3.95767
3.89629
4.95109
4.32082
5.10645
4.05876
3.88234
4.05054
3.6881
3.37498
3.6504
4.31214
4.43208
4.08543
4.20846
5.70177
4.35353
4.31669
5.60419
4.91141
5.39298
4.07792
3.28412
6.06195
4.74135
4.20104
5.11477
5.47762
3.27617
6.17817
4.32002
4.53834
5.7537
3.86723
4.08858
5.5984
5.29542
7.43884
3.96667
4.44542
4.03188
7.10772
4.40847
5.01445
4.20638
3.92503
3.97143
4.24845
4.26807
3.95105
4.1827
4.82938
4.68329
4.92477
2.90372
4.17233
5.8305
3.94598
4.04387
4.96318
3.79812
4.0548
3.56509
5.40616
3.59373
4.1228
6.16581
3.52366
4.74922
4.30193
4.73433
4.20733
3.71689
3.92107
3.82691
3.71698
5.62763
3.95649
7.17962
4.42389
4.12325
4.33512
3.93129
3.99548
5.46474
3.98378
3.90345
6.2929
6.53614
4.36108
4.23591
5.37714
4.07783
4.85817
4.1373
6.20819
5.44637
5.48579
3.75775
5.67589
3.71594
4.76633
3.75523
4.30376
3.1703
4.88571
5.63424
4.39871
4.10795
4.97252
4.70035
4.17762
3.92906
3.97238
3.7911
5.08303
6.77634
4.72107
4.53666
3.7195
5.42532
6.23137
3.28012
5.36383
3.96462
5.78298
3.91502
5.72892
3.91857
3.94835
4.17516
3.80688
5.14334
3.7834
3.77988
4.40986
3.97772
5.67526
3.28969
5.23781
4.83305
5.86998
4.02613
3.84696
4.05899
4.18679
6.35597
7.11344
1.93952
2.36134
3.73395
3.57867
2.98632
4.40026
4.32017
4.03429
8.59871
3.86749
6.0433
3.62692
6.13754
3.86019
2.52078
5.01979
3.97928
4.37623
3.80246
4.29063
3.76761
3.47802
5.32892
3.99749
6.19199
2.92465
5.30248
4.26996
3.45568
3.79923
3.59311
6.69294
4.31991
4.44769
4.11462
3.57246
5.5274
4.67978
7.28744
5.82893
5.21095
3.92425
2.97821
4.07183
3.87188
4.46385
5.74926
3.33596
3.65167
4.32955
6.78465
3.951
5.28619
4.05159
3.97912
3.56369
4.87654
3.79819
3.83034
5.09119
4.68515
4.85939
3.90056
6.68258
3.80024
6.819
3.17525
3.97918
4.22922
3.96065
5.25664
4.03628
4.99883
6.14938
2.85586
5.9908
4.49799
4.39195
3.932
3.73124
3.71252
4.04946
6.36569
5.642
4.65518
6.55745
3.93283
7.40803
6.28388
6.20285
3.68396
5.58185
3.46308
4.33248
4.2746
5.03442
7.14653
3.88509
5.44304
6.85236
4.10955
5.2821
5.99142
4.11152
4.24047
4.20181
7.50721
5.14966
4.60035
5.90804
3.27462
4.78416
6.28768
4.23478
8.38927
6.86917
4.06741
6.08792
5.87579
5.50719
4.5103
3.73921
5.42784
4.31638
5.5149
4.19194
3.42511
5.45765
3.98431
5.98031
4.4336
4.96307
3.85028
6.11397
5.03345
3.62348
3.80125
4.99547
4.87261
4.47934
5.73867
3.80743
5.74076
5.7544
5.92799
2.1066
4.56484
3.99939
3.73075
5.41522
5.46636
5.04975
3.46057
3.75391
4.57256
5.19273
3.97083
4.096
5.10889
3.92815
4.12627
3.92808
4.37977
3.87357
6.09387
4.36669
3.21889
6.64039
5.53066
4.3832
6.19322
4.54337
4.77523
5.92465
3.49447
6.07515
6.64353
4.05455
5.77169
4.00605
4.05111
5.0794
4.71709
4.87692
4.23155
4.19542
3.4534
4.64849
4.16407
4.20632
3.98474
4.06638
4.21372
4.48242
4.05242
3.89417
3.89608
4.31533
4.82713
4.83117
5.98623
4.21054
5.14316
4.46544
5.26398
6.9066
6.31036
4.16947
3.8839
5.76229
7.10523
7.17582
4.02229
4.06233
4.11424
3.95905
3.50585
4.99027
3.62539
4.23129
6.13034
3.74671
7.06911
5.37227
4.25798
3.92203
7.47182
5.61059
4.38587
4.62935
5.8391
4.63892
3.72364
4.07655
3.99479
3.95633
4.77708
6.5731
5.06337
4.99489
3.94465
4.06503
4.99986
3.89244
4.45976
5.65694
5.5127
3.79896
4.0172
4.42032
5.96184
5.0771
4.7131
5.61255
4.2551
5.75924
2.99682
4.22652
5.17966
3.7786
5.33442
7.56823
4.30419
3.59317
4.12723
4.09667
4.34375
4.04143
4.92
4.0601
4.5625
4.74291
5.61031
4.28386
5.8281
5.25219
6.00314
4.04531
3.93344
5.86253
4.38944
4.05994
4.19437
3.86379
5.04311
5.47169
3.15648
3.54641
5.0434
2.99339
4.00661
4.33999
5.35905
4.54731
6.17049
3.48993
4.92073
4.07314
6.94531
4.06277
4.0678
5.2088
3.92281
3.98947
3.96744
3.81098
3.99086
5.66244
3.7742
4.04025
4.12024
5.79294
4.20976
5.26915
4.14457
5.74779
3.3079
4.2836
4.20932
4.92816
5.23668
2.83275
3.86494
3.73773
3.95553
6.05075
4.56775
6.11369
3.88665
5.8507
5.42403
5.0756
5.16221
5.42331
4.46289
5.30438
4.22321
4.41829
3.88835
4.26421
6.06731
4.24541
3.85112
4.02721
5.86895
5.07866
5.45068
5.52287
5.76121
4.50712
3.29201
4.90359
3.82586
3.99277
5.47596
4.68945
3.1253
5.63538
5.46823
5.86761
4.143
3.85675
3.6908
6.15519
3.84118
4.78952
5.64839
3.54068
5.58821
5.1932
3.72799
4.19577
6.28189
3.88791
3.87894
3.42227
3.69229
6.17192
6.51377
4.10251
5.03072
4.06363
4.26111
4.04119
6.35676
4.34035
5.45855
4.6637
4.97991
4.61192
3.53188
3.96627
5.17936
3.73254
6.27866
3.5416
5.42147
4.18597
4.13417
4.252
3.7964
3.803
6.1869
3.89844
3.99727
4.92242
4.00044
5.64123
5.05189
3.9357
4.44817
5.6688
3.98283
4.30111
5.49174
4.2624
4.10423
3.65161
4.3946
4.64858
3.79549
5.40627
3.92556
3.75217
5.75645
4.97372
4.46519
5.80636
3.6171
5.2125
4.90634
6.65307
3.86724
4.02053
3.67273
4.27188
6.19861
6.76124
5.0865
4.66963
5.47663
4.13951
6.19743
3.69232
5.11811
4.64539
4.67462
4.28618
4.04632
3.92935
4.52691
3.86258
3.95126
6.06682
5.46081
3.90258
3.64166
4.45088
4.28687
5.28188
5.71305
5.67088
4.00746
6.40878
5.37737
4.01343
6.3586
3.9195
6.22801
6.27135
4.59927
5.7661
4.23107
3.9785
5.14978
5.9373
5.69705
5.90182
5.94623
6.63945
3.76385
5.06933
5.68045
5.04407
5.37614
6.3388
3.57548
5.56131
4.07108
5.51268
4.50139
3.56115
4.8728
3.90753
6.43399
5.55785
4.31818
4.99135
6.25385
5.95336
3.34114
4.79185
6.02605
5.23931
4.09837
4.64872
3.95742
4.53241
5.13737
4.26983
4.05744
3.49059
4.74576
4.71025
4.99365
6.93387
6.26276
4.05741
5.73134
6.29442
3.91224
3.19268
3.7381
5.44021
5.30667
5.11988
4.18085
4.63065
4.09251
4.7334
3.79541
5.28422
5.31061
4.26137
6.26924
6.4319
4.75857
4.03081
3.10163
4.09543
6.38493
4.47481
6.8099
5.26069
4.10357
4.12622
4.89816
3.86621
3.87719
4.03902
6.33005
6.52247
5.10816
4.17253
4.7537
4.64488
4.17198
4.35101
4.49363
5.33631
3.96794
4.8348
4.47986
4.33907
3.71703
4.38626
4.59783
4.57003
6.30584
6.50196
3.78847
4.87203
3.23485
4.27177
3.95707
3.99701
5.23647
6.21261
7.09034
4.40612
3.38978
4.07598
3.98273
3.83093
6.48486
6.32069
6.96675
4.10827
4.21955
4.37008
4.63647
4.93726
6.11518
4.31452
4.86475
4.29423
6.31744
3.66103
5.55528
5.44192
4.03068
5.62571
5.93068
4.05799
3.96405
6.46244
5.35196
4.21281
5.30576
3.88793
5.30077
5.08365
4.16387
4.94687
5.33607
6.2514
4.96181
4.47007
6.21179
3.83462
5.24969
4.07808
7.30804
3.94895
4.02862
6.84861
4.03479
4.62481
6.02275
5.18989
6.42689
6.73479
4.82159
2.83116
6.87787
6.15639
4.96397
5.08068
3.96589
4.89041
6.05062
6.18042
4.71758
4.11099
3.87998
6.28413
5.63838
3.99253
4.06651
6.26255
7.02591
4.20304
5.90265
3.98834
4.26484
5.7802
4.76855
4.26335
6.74772
3.61434
3.65925
3.75129
2.95421
5.16502
3.52035
6.17562
4.2811
5.31058
3.95883
4.31012
4.33326
3.78808
5.41272
3.86921
3.72058
5.13869
3.9977
5.60442
4.14086
4.43711
5.52714
4.625
4.49332
3.77814
2.34878
4.24684
3.98553
4.00779
6.65314
6.12225
4.19249
5.89363
4.05152
6.74828
4.1319
3.79684
3.82436
5.85944
4.36054
5.47483
4.12553
4.58886
3.89129
3.76564
3.93823
5.93597
5.63184
4.3516
3.82367
3.72548
4.07447
6.32189
5.90106
3.68975
4.96256
3.96333
4.28465
3.32095
6.04639
3.76272
3.65075
5.33672
5.94502
4.25253
3.6785
4.54269
5.64128
3.64207
5.27041
4.05044
5.79135
3.84296
5.09074
7.31583
3.87259
4.46019
3.9992
4.5062
4.05186
4.06197
4.02652
4.22179
3.9721
4.8184
2.96325
5.48523
5.77678
5.1457
3.98722
3.92804
4.3315
6.18563
5.18606
2.85339
4.87318
3.97674
2.39036
4.1997
4.72828
4.59224
5.26752
6.10856
6.04635
4.12882
4.74351
3.89202
6.41102
4.24275
3.9488
5.09273
4.96607
4.03691
4.90641
4.13044
3.72585
4.4095
3.94122
5.56193
5.09483
4.18184
4.64109
5.37492
6.35211
3.9234
4.91047
4.40971
5.21834
3.79477
3.68705
5.68829
3.80075
6.08716
4.99083
3.78662
3.91094
4.87873
5.16197
5.09318
4.10661
4.26308
6.29399
5.6505
4.27789
3.89868
7.66058
6.47992
5.49674
7.2421
5.03264
3.84542
3.97512
4.79276
3.82662
6.44364
3.82015
4.81677
6.49062
5.05366
3.809
4.90026
4.83999
4.9067
4.85885
4.15258
4.34755
4.0593
4.3205
5.38541
4.34467
5.67584
5.38088
4.06867
3.29216
5.10579
4.84861
3.93477
3.37555
5.19226
4.2364
6.30417
3.44957
5.39709
4.77197
4.16665
2.54381
4.96728
4.07936
5.35786
3.58448
4.00009
5.70935
4.90941
5.82727
5.29652
3.67556
4.17854
4.27173
6.35748
4.07671
4.96433
3.96294
4.05144
2.83223
4.18526
4.27192
5.40207
4.34175
4.95977
4.29658
7.91628
5.32312
4.02184
3.78265
5.10246
4.96837
3.89191
4.68877
3.62631
4.11927
3.93189
4.96879
4.11316
6.62194
5.95516
5.85056
3.85535
4.87894
4.25696
3.92137
3.97593
6.03442
6.08225
4.79921
3.77874
3.5576
5.7866
4.2126
3.99875
5.27338
3.70262
3.98727
4.77292
6.26378
3.97591
3.73563
5.90638
5.52405
3.08706
3.95636
5.87609
3.72086
3.79927
4.52101
4.87853
4.72492
6.08198
4.08732
4.16314
6.67767
4.71286
4.12579
3.67132
3.81565
4.32316
3.19487
5.11886
4.11593
4.30944
4.07165
5.86079
4.12866
4.8754
4.6907
6.57806
4.20477
3.56759
5.25765
4.077
4.70635
4.92888
4.83467
5.63523
4.67134
4.90529
3.91536
5.15028
4.2939
6.23259
4.63512
4.47625
6.67602
4.04241
5.25619
4.20835
4.27914
4.21686
5.29014
3.04167
5.28444
5.20257
4.04318
5.81908
4.55028
3.67301
5.50978
3.97227
4.56352
7.69026
4.9879
3.97349
4.12644
4.65863
3.58547
4.17446
5.38308
3.7669
4.7326
7.03595
5.38789
5.60261
6.08365
3.76555
3.48592
4.78367
4.15918
3.77237
5.13408
3.79722
3.55156
4.38234
6.15743
4.07552
4.75329
4.01968
4.03807
6.32728
4.12117
3.62227
3.90364
3.83908
3.48149
4.11663
4.11565
3.99248
3.72457
4.09004
5.56274
5.61265
4.87594
4.15364
4.13809
3.83244
3.88634
5.7111
4.03858
4.28338
6.3626
5.04115
4.20701
3.99003
4.91199
4.29821
4.44706
5.07269
4.42264
3.90142
4.44185
6.35201
4.32252
4.30258
5.58645
4.01783
6.33678
5.39508
3.69559
4.17827
6.11878
4.40202
3.96777
6.21919
4.76745
4.10896
7.60128
4.30619
4.3317
3.82874
4.83405
6.10814
4.38271
3.2713
5.27269
7.08114
4.37175
5.39719
4.06225
4.96492
6.10808
3.39999
3.99335
6.4464
6.22
4.60713
3.5367
3.81447
5.55732
4.0222
5.34506
4.13741
4.28845
3.95406
3.38774
